Date_YYYYMMDD,LOCAL_ID,LOCAL_NAME,SNODAS_SWE_Mean_in,SNODAS_SWE_Mean_mm,SNODAS_EffectiveArea_sqmi,SNODAS_SWE_Volume_acft,SNODAS_SWE_Volume_1WeekChange_acft,SNODAS_SnowCover_percent,Updated_Timestamp
20160901,3286,"CROW CR AT CHEYENNE, WY",0.0,0.0,261.2,0.0,0.0,0.0,2017-03-31T02:29:51.047000
20160901,3278,LODGEPOLE CR. AT RALTON N,0.0,0.0,514.2,0.0,0.0,0.0,2017-03-31T02:29:51.047000
20160901,3297,"LODGEPOLE CR NR BURNS, WY",0.0,0.0,327.6,0.0,0.0,0.0,2017-03-31T02:29:51.047000
20160901,CDMC2,"Arkansas River below Catlin Dam, CO",0.0,0.0,301.0,0.0,0.0,0.0,2017-03-31T02:29:51.047000
20160901,ARCC2,"Arkansas River at Rocky Ford, CO",0.0,0.0,542.5,0.0,0.0,0.0,2017-03-31T02:29:51.047000
20160901,LXHC2,"Arkansas River at La Junta, CO",0.0,0.0,752.3,0.0,0.0,0.0,2017-03-31T02:29:51.047000
20160901,FWRC2U,APISHAPA RVR UP ELEV,0.0,0.0,475.1,0.0,0.0,0.0,2017-03-31T02:29:51.047000
20160901,BONC2U,HUERFANO RVR UP ELEV,0.0,0.0,1392.1,0.0,0.0,0.0,2017-03-31T02:29:51.047000
20160901,LAMC2U,BIG SANDY CRK UP ELEV,0.0,0.0,366.2,0.0,0.0,0.0,2017-03-31T02:29:51.047000
20160901,LARC2U,ARKANSAS RVR UP ELEV,0.0,0.0,212.1,0.0,0.0,0.0,2017-03-31T02:29:51.047000
20160901,NPTC2U,"Arkansas River at Nepesta, CO UP ELEV",0.0,0.0,282.3,0.0,0.0,0.0,2017-03-31T02:29:51.047000
20160901,FSEC2U,FOUNTAIN CRK UP ELEV,0.0,0.0,66.7,0.0,0.0,0.0,2017-03-31T02:29:51.047000
20160901,CSNC2U,FOUNTAIN CRK NR COLO SPGS UP ELEV,0.0,0.0,16.5,0.0,0.0,0.0,2017-03-31T02:29:51.047000
20160901,THTC2U,PURGATOIRE RVR UP ELEV,0.0,0.0,296.1,0.0,0.0,0.0,2017-03-31T02:29:51.047000
20160901,SCVC2U,"St Charles River at Vineland, CO UP ELEV",0.0,0.0,213.2,0.0,0.0,0.0,2017-03-31T02:29:51.047000
20160901,PNNC2U,"Fountain Creek at Pinon, CO UP ELEV",0.0,0.0,20.0,0.0,0.0,0.0,2017-03-31T02:29:51.047000
20160901,FHAC2U,"Fountain Creek nr Fountain, CO UP ELEV",0.0,0.0,75.9,0.0,0.0,0.0,2017-03-31T02:29:51.047000
20160901,PBAC2U,Pueblo Reservoir near Pueblo UP ELEV,0.0,0.0,186.8,0.0,0.0,0.0,2017-03-31T02:29:51.047000
20160901,CBVC2,COTTONWOOD CRK,0.0,0.0,31.8,0.0,-1.0,0.0,2017-03-31T02:29:51.047000
20160901,ABVC2,ARKANSAS RVR,0.0,0.0,140.7,0.0,-43.0,0.0,2017-03-31T02:29:51.047000
20160901,CLVC2L,CUCHARAS RVR LA VETA,0.0,0.0,40.8,0.0,0.0,0.0,2017-03-31T02:29:51.047000
20160901,GCWC2,GRAPE CRK,0.0,0.0,333.9,0.0,-5.0,0.0,2017-03-31T02:29:51.047000
20160901,BCHC2,BADGER CRK,0.0,0.0,201.9,0.0,0.0,0.0,2017-03-31T02:29:51.047000
20160901,PGWC2L,PURGATOIRE RVR,0.0,0.0,292.4,0.0,0.0,0.0,2017-03-31T02:29:51.047000
20160901,PGWC2U,PURGATOIRE RVR UP ELEV,0.0,0.0,31.0,0.0,0.0,0.0,2017-03-31T02:29:51.047000
20160901,CLRC2,CLEAR CRK RES,0.0,0.0,1.4,0.0,0.0,0.0,2017-03-31T02:29:51.047000
20160901,CHKC2,CHALK CRK,0.0,0.0,84.6,0.0,-5.0,0.0,2017-03-31T02:29:51.047000
20160901,AERK1N,Walnut Creek,0.0,0.0,1582.9,0.0,0.0,0.0,2017-03-31T02:29:51.047000
20160901,NMIC2,PURGATOIRE RVR,0.0,0.0,958.2,0.0,0.0,0.0,2017-03-31T02:29:51.047000
20160901,THTC2L,PURGATOIRE RVR,0.0,0.0,884.4,0.0,0.0,0.0,2017-03-31T02:29:51.047000
20160901,DWSC2,GRAPE CRK,0.0,0.0,14.2,0.0,0.0,0.0,2017-03-31T02:29:51.047000
20160901,HMCC2,HALFMOON CRK,0.0,0.0,25.2,13.0,-17.0,6.58,2017-03-31T02:29:51.047000
20160901,TDDC2,TRINIDAD LAKE,0.0,0.0,160.4,0.0,0.0,0.0,2017-03-31T02:29:51.047000
20160901,PTRC2,"Purgatoire River at Trinidad, CO",0.0,0.0,86.1,0.0,0.0,0.0,2017-03-31T02:29:51.047000
20160901,FNEC2,"Fountain Creek at Colorado Springs, CO",0.0,0.0,282.2,0.0,0.0,0.0,2017-03-31T02:29:51.047000
20160901,PDLC2,"Arkansas River at Wellsville, CO",0.0,0.0,818.8,0.0,0.0,0.0,2017-03-31T02:29:51.047000
20160901,CCAC2,CLEAR LK ABV CLEAR CRK RSV,0.0,0.0,68.2,0.0,-39.0,0.0,2017-03-31T02:29:51.047000
20160901,CBAC2,COTTONWOOD CRK,0.0,0.0,70.6,0.0,-1.0,0.0,2017-03-31T02:29:51.047000
20160901,HMZC2L,HUERFANO RVR,0.0,0.0,46.9,0.0,0.0,0.0,2017-03-31T02:29:51.047000
20160901,FCAC2,FOURMILE CRK,0.0,0.0,432.4,0.0,0.0,0.0,2017-03-31T02:29:51.047000
20160901,PRTC2,"Arkansas River at Canon City, CO",0.0,0.0,437.8,0.0,0.0,0.0,2017-03-31T02:29:51.047000
20160901,PNNC2L,"Fountain Creek at Pinon, CO",0.0,0.0,158.4,0.0,0.0,0.0,2017-03-31T02:29:51.047000
20160901,PBAC2L,Pueblo Reservoir near Pueblo,0.0,0.0,476.6,0.0,0.0,0.0,2017-03-31T02:29:51.047000
20160901,PDAC2,"Arkansas River at Pueblo Dam, CO",0.0,0.0,2.8,0.0,0.0,0.0,2017-03-31T02:29:51.047000
20160901,FCHC2,"Fountain Creek at Pueblo, CO",0.0,0.0,81.4,0.0,0.0,0.0,2017-03-31T02:29:51.047000
20160901,HMZC2U,HUERFANO RVR UP ELEV,0.0,0.0,29.9,0.0,0.0,0.0,2017-03-31T02:29:51.047000
20160901,SALC2,"Arkansas River at Salida, CO",0.0,0.0,120.9,0.0,-8.0,0.0,2017-03-31T02:29:51.047000
20160901,ARNC2,ARKANSAS RVR,0.0,0.0,221.5,0.0,-11.0,0.0,2017-03-31T02:29:51.047000
20160901,WSVC2,"Arkansas River at Wellsville, CO",0.0,0.0,264.1,0.0,-22.0,0.0,2017-03-31T02:29:51.047000
20160901,CSNC2L,FOUNTAIN CRK NR COLO SPGS,0.0,0.0,95.6,0.0,0.0,0.0,2017-03-31T02:29:51.047000
20160901,KENO2,Cimarron River (OK) at Kenton,0.0,0.0,1114.9,0.0,0.0,0.0,2017-03-31T02:29:51.047000
20160901,FWRC2L,APISHAPA RVR,0.0,0.0,582.1,0.0,0.0,0.0,2017-03-31T02:29:51.047000
20160901,TBTC2,TWO BUTTE CRK,0.0,0.0,466.3,0.0,0.0,0.0,2017-03-31T02:29:51.047000
20160901,PGMC2,"Purgatoire River at Madrid, CO",0.0,0.0,186.3,0.0,0.0,0.0,2017-03-31T02:29:51.047000
20160901,CNCC2,"Arkansas River at Canon City, CO",0.0,0.0,251.4,0.0,0.0,0.0,2017-03-31T02:29:51.047000
20160901,FHAC2L,"Fountain Creek nr Fountain, CO",0.0,0.0,97.8,0.0,0.0,0.0,2017-03-31T02:29:51.047000
20160901,LARC2L,ARKANSAS RVR,0.0,0.0,2094.0,0.0,0.0,0.0,2017-03-31T02:29:51.047000
20160901,LAPC2,"Purgatoire River nr Las Animas, CO",0.0,0.0,576.3,0.0,0.0,0.0,2017-03-31T02:29:51.047000
20160901,SCVC2L,"St Charles River at Vineland, CO",0.0,0.0,292.0,0.0,0.0,0.0,2017-03-31T02:29:51.047000
20160901,CLVC2U,CUCHARAS RVRLA VETA UP ELEV,0.0,0.0,14.0,0.0,0.0,0.0,2017-03-31T02:29:51.047000
20160901,NPTC2L,"Arkansas River at Nepesta, CO",0.0,0.0,953.9,0.0,0.0,0.0,2017-03-31T02:29:51.047000
20160901,ADLC2,"Arkansas River at Avondale, CO",0.0,0.0,201.2,0.0,0.0,0.0,2017-03-31T02:29:51.047000
20160901,BONC2L,HUERFANO RVR,0.0,0.0,370.4,0.0,0.0,0.0,2017-03-31T02:29:51.047000
20160901,LAMC2L,BIG SANDY CRK,0.0,0.0,2920.0,0.0,0.0,0.0,2017-03-31T02:29:51.047000
20160901,EHTK1,CIMARRON RVR(FRGO2B),0.0,0.0,1731.5,0.0,0.0,0.0,2017-03-31T02:29:51.047000
20160901,COOK1,"Arkansas River at Coolidge, KS",0.0,0.0,1443.1,0.0,0.0,0.0,2017-03-31T02:29:51.047000
20160901,FSEC2L,FOUNTAIN CRK,0.0,0.0,46.8,0.0,0.0,0.0,2017-03-31T02:29:51.047000
20160901,DRFK1,ARKANSAS RVR,0.0,0.0,2474.0,0.0,0.0,0.0,2017-03-31T02:29:51.047000
20160901,GCKK1,ARKANSAS RVR,0.0,0.0,121.7,0.0,0.0,0.0,2017-03-31T02:29:51.047000
20160901,JMCC2,JOHN MARTIN DAM,0.0,0.0,729.1,0.0,0.0,0.0,2017-03-31T02:29:51.047000
20160901,LMAC2,"Arkansas River at Lamar, CO",0.0,0.0,1296.8,0.0,0.0,0.0,2017-03-31T02:29:51.047000
20160901,DDCK1,ARKANSAS RVR,0.0,0.0,1815.2,0.0,0.0,0.0,2017-03-31T02:29:51.047000
20160901,SYRK1,Arkansas River at Syracuse,0.0,0.0,286.8,0.0,0.0,0.0,2017-03-31T02:29:51.047000
20160901,KENK1,Arkansas River at Kendall,0.0,0.0,179.0,0.0,0.0,0.0,2017-03-31T02:29:51.047000
20160901,FRGO2,CIMARRON RVR,0.0,0.0,4024.5,0.0,0.0,0.0,2017-03-31T02:29:51.047000
20160901,TQLC2,LAKE FORK CRK,0.0,0.0,28.5,0.0,0.0,0.0,2017-03-31T02:29:51.047000
20160901,LEDC2,"Arkansas River at Leadville, CO",0.0,0.0,101.8,0.0,-111.0,0.0,2017-03-31T02:29:51.047000
20160901,TINC2,TWIN LAKES INFLOW,0.0,0.0,73.0,2.0,-29.0,0.34,2017-03-31T02:29:51.047000
20160901,ABEC2,ARKANSAS RVR,0.0,0.0,84.5,9.0,-63.0,1.57,2017-03-31T02:29:51.047000
20160901,TLRC2,LAKE CREEK,0.0,0.0,31.9,0.0,-7.0,0.0,2017-03-31T02:29:51.047000
20160901,ARGC2,"Arkansas River at Granite, CO",0.0,0.0,92.5,4.0,-28.0,0.63,2017-03-31T02:29:51.047000
20160901,BTNFDRLO,BTNFDRCO <8000ft,0.0,0.0,20.6,0.0,0.0,0.0,2017-03-31T02:29:51.047000
20160901,BTNFDRM,"BTNFDRCO >8000ft - <10,250ft",0.0,0.0,45.6,0.0,0.0,0.0,2017-03-31T02:29:51.047000
20160901,BTNFDRUP,"BTNFDRCO >10,250ft",0.0,0.0,18.9,0.0,0.0,0.0,2017-03-31T02:29:51.047000
20160901,BTCANYLO,BTCANYCO <8000ft,0.0,0.0,55.2,0.0,0.0,0.0,2017-03-31T02:29:51.047000
20160901,BTCANYUP,"BTCANYCO >10,250ft",0.0,0.0,27.3,0.0,0.0,0.0,2017-03-31T02:29:51.047000
20160901,BTABESLO,BTABESCO <8000ft,0.0,0.0,7.8,0.0,0.0,0.0,2017-03-31T02:29:51.047000
20160901,BTABESM,"BTABESCO >8000ft - <10,250ft",0.0,0.0,63.4,0.0,0.0,0.0,2017-03-31T02:29:51.047000
20160901,BTABESUP,"BTABESCO >10,250ft",0.0,0.0,66.8,0.0,0.0,0.0,2017-03-31T02:29:51.047000
20160901,TCFC2H_F,TENMILE CK - BLO NO. TENMILE CK AT FRISCO,0.0,0.0,87.9,0.0,-22.0,0.0,2017-03-31T02:29:51.047000
20160901,SKEC2H_F,SANKE RIVER - NR MONTEXUMA,0.0,0.0,57.6,2.0,-27.0,0.86,2017-03-31T02:29:51.047000
20160901,BSWC2L_F,BLUE RIVER NR DILLON,0.0,0.0,78.8,0.0,0.0,0.0,2017-03-31T02:29:51.047000
20160901,NAVC2H_F,NAVAJO - NR CHROMO BLO OSO DIV DAM,0.0,0.0,96.7,0.0,0.0,0.0,2017-03-31T02:29:51.047000
20160901,ENMC2H_F,ELK - NR MILNER,0.0,0.0,469.1,0.0,0.0,0.0,2017-03-31T02:29:51.047000
20160901,TRAC2H_F,TAYLOR RIVER - AT TAYLOR PARK,0.0,0.0,127.5,0.0,0.0,0.0,2017-03-31T02:29:51.047000
20160901,TPIC2L_F,TAYLOR - TAYLOR PARK RESERVOIR,0.0,0.0,127.3,0.0,-7.0,0.0,2017-03-31T02:29:51.047000
20160901,DRRC2H_F,DOLORES - BLO RICO,0.0,0.0,106.5,0.0,0.0,0.0,2017-03-31T02:29:51.047000
20160901,SJAC2H_F,"CIMARRON - SILVER JACK RES, NR CIMARRON",0.0,0.0,60.5,2.0,2.0,0.68,2017-03-31T02:29:51.047000
20160901,DIRC2L_F,BLUE - DILLON RESERVOIR,0.0,0.0,60.9,0.0,0.0,0.0,2017-03-31T02:29:51.047000
20160901,WFLC2H_F,WILLIAMS FORK - NR LEAL,0.0,0.0,88.9,0.0,0.0,0.0,2017-03-31T02:29:51.047000
20160901,CRCC2H_F,COCHETOPA CREEK - BLO ROCK CK NR PARLIN,0.0,0.0,340.2,2.0,2.0,0.1,2017-03-31T02:29:51.047000
20160901,FPTC2H_F,FRYING PAN - NR THOMASVILLE,0.0,0.0,133.4,2.0,0.0,0.25,2017-03-31T02:29:51.047000
20160901,LPHC2H_F,LA PLATA - HESPERUS,0.0,0.0,34.8,0.0,0.0,0.0,2017-03-31T02:29:51.047000
20160901,APNC2H_F,ROARING FORK - NR ASPEN,0.0,0.0,106.0,0.0,-1.0,0.0,2017-03-31T02:29:51.047000
20160901,LEMC2H_F,FLORIDA - LEMON RES NR DURANGO,0.0,0.0,68.3,0.0,-1.0,0.0,2017-03-31T02:29:51.047000
20160901,CSSC2H_F,CROSS CREEK - NR MINTURN,0.0,0.0,36.7,0.0,0.0,0.0,2017-03-31T02:29:51.047000
20160901,LFGC2H_F,LAKE FORK - GATEVIEW,0.0,0.0,371.0,84.0,84.0,3.21,2017-03-31T02:29:51.047000
20160901,TOMC2L_F,TOMICHI CREEK - GUNNISON,0.0,0.0,725.4,0.0,0.0,0.0,2017-03-31T02:29:51.047000
20160901,RURC2L_F,FRYING PAN - RUEDI RES. NR BASALT,0.0,0.0,90.3,0.0,0.0,0.0,2017-03-31T02:29:51.047000
20160901,VCRC2H_F,LOS PINOS - NR BAYFIELD VALLECITO RES,0.0,0.0,252.9,0.0,-4.0,0.07,2017-03-31T02:29:51.047000
20160901,PSBC2H_F,PINEY - NR STATE BRIDGE,0.0,0.0,96.2,0.0,0.0,0.0,2017-03-31T02:29:51.047000
20160901,BMDC2L_F,GUNNISON - BLUE MESA RESERVOIR,0.0,0.0,994.7,1.0,1.0,0.02,2017-03-31T02:29:51.047000
20160901,WORC2H_F,WOLFORD MOUNTAIN RESERVOIR,0.0,0.0,281.4,0.0,0.0,0.0,2017-03-31T02:29:51.047000
20160901,FISC2H_F,FISH CREEK - UPPER STN NR STEAMBOAT SPRINGS,0.0,0.0,27.2,0.0,0.0,0.0,2017-03-31T02:29:51.047000
20160901,DCKC2H_F,DALLAS CREEK - NR RIDGWAY,0.0,0.0,99.2,0.0,0.0,0.0,2017-03-31T02:29:51.047000
20160901,MPSC2L_F,GUNNISON - MORROW POINT RESERVOIR,0.0,0.0,217.5,3.0,3.0,0.34,2017-03-31T02:29:51.047000
20160901,CLSC2L_F,GUNNISON - CRYSTAL RESERVOIR,0.0,0.0,257.3,1.0,1.0,0.16,2017-03-31T02:29:51.047000
20160901,SMPC2H_F,SAN MIGUEL - NR PLACERVILLE,0.0,0.0,310.3,9.0,9.0,1.01,2017-03-31T02:29:51.047000
20160901,PSPC2H_F,SAN JUAN - PAGOSA SPRINGS,0.0,0.0,299.8,0.0,0.0,0.0,2017-03-31T02:29:51.047000
20160901,LCCC2H_F,LOST CANYON CREEK - NR DOLORES,0.0,0.0,66.5,0.0,0.0,0.0,2017-03-31T02:29:51.047000
20160901,RCYC2H_F,CRYSTAL - NR REDSTONE  AT AVALANCHE CREEK,0.0,0.0,166.6,0.0,0.0,0.0,2017-03-31T02:29:51.047000
20160901,UCRC2H_F,UNCOMPAHGRE - NR RIDGEWAY,0.0,0.0,137.8,2.0,2.0,0.54,2017-03-31T02:29:51.047000
20160901,LSRC2H_F,LITTLE SNAKE - NR SLATER,0.0,0.0,239.0,0.0,0.0,0.0,2017-03-31T02:29:51.047000
20160901,WETC2H_F,WEST DIVIDE CREEK - NR RAVEN,0.0,0.0,66.8,0.0,0.0,0.0,2017-03-31T02:29:51.047000
20160901,RBSC2L_F,UNCOMPAHGRE - RIDGWAY RESERVOIR,0.0,0.0,27.0,0.0,0.0,0.0,2017-03-31T02:29:51.047000
20160901,SLFC2H_F,SLATER FORK - NR SLATER,0.0,0.0,143.8,0.0,0.0,0.0,2017-03-31T02:29:51.047000
20160901,DRGC2H_F,ANIMAS - DURANGO,0.0,0.0,707.3,55.0,50.0,1.5,2017-03-31T02:29:51.047000
20160901,PRSC2H_F,"MUDDY CREEK - PAONIA RESERVOIR, NR BARDINE",0.0,0.0,248.6,0.0,0.0,0.0,2017-03-31T02:29:51.047000
20160901,GPSC2L_F,EAGLE - BLO GYPSUM,0.0,0.0,554.1,0.0,0.0,0.0,2017-03-31T02:29:51.047000
20160901,LSDW4L_F,LITTLE SNAKE - NR SAVERY,0.0,0.0,689.3,0.0,0.0,0.0,2017-03-31T02:29:51.047000
20160901,CGGC2L_F,YAMPA - BLO CRAIG,0.0,0.0,916.5,0.0,0.0,0.0,2017-03-31T02:29:51.047000
20160901,GCOC2L_F,COLORADO - BLO GLENWOOD SPRS,0.0,0.0,167.1,0.0,0.0,0.0,2017-03-31T02:29:51.047000
20160901,WHIC2L_F,WHITE - BLO MEEKER,0.0,0.0,274.1,0.0,0.0,0.0,2017-03-31T02:29:51.047000
20160901,LNAC2H_F,LITTLE NAVAJO OSO DIV DAM BLO CHROMO NR,0.0,0.0,18.0,0.0,0.0,0.0,2017-03-31T02:29:51.047000
20160901,NVRN5L_F,SAN JUAN - NAVAJO RES NR ARCHULETA,0.0,0.0,731.1,0.0,0.0,0.0,2017-03-31T02:29:51.047000
20160901,SNMC2L_F,SAN MIGUEL - BROOKS BRIDGE NR NUCLA,0.0,0.0,439.3,0.0,0.0,0.0,2017-03-31T02:29:51.047000
20160901,LILC2L_F,LITTLE SNAKE - NR LILY,0.0,0.0,2988.6,0.0,0.0,0.0,2017-03-31T02:29:51.047000
20160901,YDLC2L_F,YAMPA - AT DEERLODGE PARK,0.0,0.0,525.9,0.0,0.0,0.0,2017-03-31T02:29:51.047000
20160901,WHBC2L_F,WHITE - NR RANGELY BLO BOISE CREEK,0.0,0.0,1485.7,0.0,0.0,0.0,2017-03-31T02:29:51.047000
20160901,WATU1L_F,WHITE - NR WATSON,0.0,0.0,1352.2,0.0,0.0,0.0,2017-03-31T02:29:51.047000
20160901,MCEC2H_F,MCELMO CREEK - NR CO-UT BORDER,0.0,0.0,356.7,0.0,0.0,0.0,2017-03-31T02:29:51.047000
20160901,DLAC2L_F,UNCOMPAHGRE - AT DELTA,0.0,0.0,699.6,0.0,0.0,0.0,2017-03-31T02:29:51.047000
20160901,GJNC2L_F,GUNNISON - NR GRAND JUNCTION,0.0,0.0,1114.5,0.0,0.0,0.0,2017-03-31T02:29:51.047000
20160901,ALEC2H_F,EAST RIVER - AT ALMONT,0.0,0.0,288.3,0.0,0.0,0.0,2017-03-31T02:29:51.047000
20160901,GUSC2L_F,GUNNISON - NR GUNNISON,0.0,0.0,241.0,0.0,0.0,0.0,2017-03-31T02:29:51.047000
20160901,SCCC2H_F,SURFACE CK - AT CEDAREDGE,0.0,0.0,44.0,0.0,0.0,0.0,2017-03-31T02:29:51.047000
20160901,DELC2L_F,GUNNISON - DELTA,0.0,0.0,1089.7,0.0,0.0,0.0,2017-03-31T02:29:51.047000
20160901,DOLC2L_F,DOLORES - AT DOLORES,0.0,0.0,396.8,0.0,0.0,0.0,2017-03-31T02:29:51.047000
20160901,JESU1L_F,GREEN - NR JENSEN,0.0,0.0,2436.9,0.0,0.0,0.0,2017-03-31T02:29:51.047000
20160901,MPHC2L_F,DOLORES - MCPHEE RESERVOIR,0.0,0.0,233.6,0.0,0.0,0.0,2017-03-31T02:29:51.047000
20160901,DBDC2L_F,DOLORES - NR BEDROCK,0.0,0.0,1344.4,0.0,0.0,0.0,2017-03-31T02:29:51.047000
20160901,GWSC2L_F,ROARING FORK - GLENWOOD SPRINGS,0.0,0.0,954.6,0.0,0.0,0.0,2017-03-31T02:29:51.047000
20160901,WRMC2H_F,WHITE - NR MEEKER,0.0,0.0,752.3,0.0,0.0,0.0,2017-03-31T02:29:51.047000
20160901,RERC2H_F,EAGLE - REDCLIFF,0.0,0.0,72.9,0.0,0.0,0.0,2017-03-31T02:29:51.047000
20160901,GMRC2L_F,BLUE - GREEN MT RESERVOIR,0.0,0.0,259.1,0.0,0.0,0.0,2017-03-31T02:29:51.047000
20160901,SOMC2L_F,NF GUNNISON - NR SOMERSET,0.0,0.0,278.9,0.0,0.0,0.0,2017-03-31T02:29:51.047000
20160901,ALTC2L_F,TAYLOR RIVER - ALMONT,0.0,0.0,224.7,0.0,0.0,0.0,2017-03-31T02:29:51.047000
20160901,CLOC2L_F,UNCOMPAHGRE - COLONA,0.0,0.0,178.2,0.0,0.0,0.05,2017-03-31T02:29:51.047000
20160901,CGYC2L_F,"COLORADO - GRANDE VALLEY CANAL, BLO",0.0,0.0,166.7,0.0,0.0,0.0,2017-03-31T02:29:51.047000
20160901,CCUC2R_F,COLORADO - NR CO UT STATE LINE,0.0,0.0,1241.3,0.0,0.0,0.0,2017-03-31T02:29:51.047000
20160901,CAWC2L_F,COLORADO - NR GRANBY AT WINDY GAP,0.0,0.0,39.3,0.0,0.0,0.0,2017-03-31T02:29:51.047000
20160901,RCAC2H_F,ROCK CREEK - CRATER,0.0,0.0,71.5,0.0,0.0,0.0,2017-03-31T02:29:51.047000
20160901,EGLC2L_F,COLORADO - NR DOTSERO,0.0,0.0,837.4,0.0,0.0,0.0,2017-03-31T02:29:51.047000
20160901,WFDC2L_F,WILLIAMS FORK - WILLIAMS FORK RESERVOIR,0.0,0.0,136.3,0.0,0.0,0.0,2017-03-31T02:29:51.047000
20160901,KRMC2L_F,COLORADO - NR KREMMLING,0.0,0.0,454.3,0.0,0.0,0.0,2017-03-31T02:29:51.047000
20160901,SMUC2L_F,SAN MIGUEL - AT URAVAN,0.0,0.0,745.6,0.0,0.0,0.0,2017-03-31T02:29:51.047000
20160901,DOLU1L_F,DOLORES - NR CISCO,0.0,0.0,934.6,0.0,0.0,0.0,2017-03-31T02:29:51.047000
20160901,STMC2L_F,YAMPA - AT STEAMBOAT SPRINGS,0.0,0.0,293.3,0.0,0.0,0.0,2017-03-31T02:29:51.047000
20160901,MBLC2L_F,YAMPA - NR MAYBELL,0.0,0.0,1248.5,0.0,0.0,0.0,2017-03-31T02:29:51.047000
20160901,HMAC2H_F,HOMESTAKE CK - HOMESTAKE RESERVOIR,0.0,0.0,7.1,0.0,0.0,0.0,2017-03-31T02:29:51.047000
20160901,HMSC2L_F,HOMESTAKE CK - GOLD PARK,0.0,0.0,29.7,0.0,0.0,0.0,2017-03-31T02:29:51.047000
20160901,RRGC2H_F,RIFLE CREEK - NR RIFLE,0.0,0.0,141.3,0.0,0.0,0.0,2017-03-31T02:29:51.047000
20160901,CAMC2L_F,COLORADO - NR CAMEO,0.0,0.0,1770.3,0.0,0.0,0.0,2017-03-31T02:29:51.047000
20160901,VEGC2H_F,PLATEAU CK - VEGA RES NR COLLBRAN,0.0,0.0,25.4,0.0,0.0,0.0,2017-03-31T02:29:51.047000
20160901,PCCC2L_F,PLATEAU CREEK - NR CAMEO,0.0,0.0,571.3,0.0,0.0,0.0,2017-03-31T02:29:51.047000
20160901,GRVC2H_F,GORE CK - VAIL RED SANDSTONE CK ABV,0.0,0.0,79.1,0.0,0.0,0.0,2017-03-31T02:29:51.047000
20160901,EALC2L_F,EAGLE - AT AVON,0.0,0.0,173.6,0.0,0.0,0.0,2017-03-31T02:29:51.047000
20160901,SJCC2L_F,SAN JUAN - NR CARRACAS,0.0,0.0,796.7,0.0,0.0,0.0,2017-03-31T02:29:51.047000
20160901,PIDC2H_F,PIEDRA - NR ARBOLES,0.0,0.0,645.3,0.0,0.0,0.0,2017-03-31T02:29:51.047000
20160901,LOSC2L_F,LOS PINOS - AT LA BOCA,0.0,0.0,310.1,0.0,0.0,0.0,2017-03-31T02:29:51.047000
20160901,CDRC2L_F,ANIMAS - NR CEDAR HILL,0.0,0.0,256.0,0.0,0.0,0.0,2017-03-31T02:29:51.047000
20160901,LPFN5L_F,LA PLATA - NR FARMINGTON,0.0,0.0,266.0,0.0,0.0,0.0,2017-03-31T02:29:51.047000
20160901,LPSC2L_F,LA PLATA - CO/NM STATE LINE,0.0,0.0,277.5,0.0,0.0,0.0,2017-03-31T02:29:51.047000
20160901,MRTC2L_F,MANCOS - NR TOWAOC,0.0,0.0,427.4,0.0,0.0,0.0,2017-03-31T02:29:51.047000
20160901,YASC2H_F,YAMPA - ABV STAGECOACH RESERVOIR,0.0,0.0,267.8,0.0,0.0,0.0,2017-03-31T02:29:51.047000
20160901,SCHC2R_F,YAMPA - BLO STAGECOACH RESERVOIR,0.0,0.0,26.8,0.0,0.0,0.0,2017-03-31T02:29:51.047000
20160901,RBPC2H_F,RIO BLANCO - PAGOSA SPRINGS NR  BLANCO DAM BLO,0.0,0.0,68.7,0.0,0.0,0.0,2017-03-31T02:29:51.047000
20160901,HTSC2L_F,COLORADO - HOT SULPHUR SPRINGS,0.0,0.0,43.2,0.0,0.0,0.0,2017-03-31T02:29:51.047000
20160901,MNRC2H_F,MANCOS - MANCOS NR,0.0,0.0,100.7,0.0,0.0,0.0,2017-03-31T02:29:51.047000
20160901,BUEC2H_F,BLUE - BLUE RIVER,0.0,0.0,42.5,0.0,-85.0,0.0,2017-03-31T02:29:51.047000
20160901,ELHC2H_F,"ELKHEAD CK - LONG GULCH, ABV, HAYDEN, NR",0.0,0.0,181.9,0.0,0.0,0.0,2017-03-31T02:29:51.047000
20160901,DGOC2R_F,ANIMAS - Durango Pump Plant Lake Knighthorse,0.0,0.0,85.0,0.0,0.0,0.0,2017-03-31T02:29:51.047000
20160901,GEPC2R_F,GUNNISON - GUNNISON TUNNEL,0.0,0.0,4.6,0.0,0.0,0.0,2017-03-31T02:29:51.047000
20160901,FRASER-U,Fraser - NCWCD Upper,0.0,0.0,53.8,0.0,0.0,0.0,2017-03-31T02:29:51.047000
20160901,FRASER-L,Fraser - NCWCD Lower,0.0,0.0,147.8,0.0,0.0,0.0,2017-03-31T02:29:51.047000
20160901,FRASER-DW,Fraser - Denver Water,0.0,0.0,100.5,0.0,0.0,0.0,2017-03-31T02:29:51.047000
20160901,403,NF SMOKY HILL RIVER NR BURLINGTON CO,0.0,0.0,210.6,0.0,0.0,0.0,2017-03-31T02:29:51.047000
20160901,405,SMOKY HILL RIVER NR RUSSEL SPRINGS KS,0.0,0.0,718.8,0.0,0.0,0.0,2017-03-31T02:29:51.047000
20160901,406,SMOKY HILL RIVER NR WESKAN KS,0.0,0.0,292.0,0.0,0.0,0.0,2017-03-31T02:29:51.047000
20160901,3202,S. PLATTE RIVER ABV. CHEESEMAN RES,0.0,0.0,129.9,0.0,0.0,0.0,2017-03-31T02:29:51.047000
20160901,3203,CHEESEMEN RES CO,0.0,0.0,98.2,0.0,0.0,0.0,2017-03-31T02:29:51.047000
20160901,3204,LOST CR ABV CHEESEMAN RES,0.0,0.0,43.0,0.0,0.0,0.0,2017-03-31T02:29:51.047000
20160901,3205,WIGWAM CR. NR DECKER CO,0.0,0.0,37.1,0.0,0.0,0.0,2017-03-31T02:29:51.047000
20160901,3130,PIONEER CANAL NR WOODS WY,0.0,0.0,332.3,0.0,0.0,0.0,2017-03-31T02:29:51.047000
20160901,3101,N. PLATTE RIVER NR N.GATE CO,0.0,0.0,606.0,0.0,0.0,0.0,2017-03-31T02:29:51.047000
20160901,3175,NO PLATTE R. NR DELANEY LAKES,0.0,0.0,650.3,0.0,0.0,0.0,2017-03-31T02:29:51.047000
20160901,3176,"MICHIGAN RIVER NR WALDEN, CO",0.0,0.0,177.5,0.0,0.0,0.0,2017-03-31T02:29:51.047000
20160901,3187,"LARAMIE R NR GLENDEVEY, CO",0.0,0.0,106.0,0.0,0.0,0.0,2017-03-31T02:29:51.047000
20160901,3225,SPINNEY RES CO,0.0,0.0,117.2,0.0,0.0,0.0,2017-03-31T02:29:51.047000
20160901,3222,ELEVENMILE RES CO,0.0,0.0,160.9,0.0,0.0,0.0,2017-03-31T02:29:51.047000
20160901,3201,S. PLATTE R ABV. CHEESEMAN RES,0.0,0.0,187.3,0.0,0.0,0.0,2017-03-31T02:29:51.047000
20160901,3228,ANTERO RES CO,0.0,0.0,218.2,0.0,-57.0,0.0,2017-03-31T02:29:51.047000
20160901,3227,TRIB. ABV SPINNEY RES,0.0,0.0,104.2,0.0,0.0,0.0,2017-03-31T02:29:51.047000
20160901,3226,S. PLATTE ABV SPINNEY RES CO,0.0,0.0,370.7,47.0,-627.0,1.34,2017-03-31T02:29:51.047000
20160901,3284,St. Vrain Ck. blo Longmont,0.0,0.0,210.9,0.0,0.0,0.0,2017-03-31T02:29:51.047000
20160901,3232,BOULDER CR AT ORODELL CO,0.0,0.0,102.5,0.0,0.0,0.0,2017-03-31T02:29:51.047000
20160901,3283,ST. VRAIN CR NR PLATTEVILLE CO,0.0,0.0,338.8,0.0,0.0,0.0,2017-03-31T02:29:51.047000
20160901,409,S LADDER CR NR LEOTI KS,0.0,0.0,216.2,0.0,0.0,0.0,2017-03-31T02:29:51.047000
20160901,408,LADDER CR. NR LEOTI KS,0.0,0.0,420.1,0.0,0.0,0.0,2017-03-31T02:29:51.047000
20160901,501,S. F. REPUBLICAN RIVER AT BONNY LAKE,0.0,0.0,377.3,0.0,0.0,0.0,2017-03-31T02:29:51.047000
20160901,506,NF REPUBLICAN RIVER NR SANBORN NE,0.0,0.0,173.5,0.0,0.0,0.0,2017-03-31T02:29:51.047000
20160901,507,REPUBLICAN RIVER AT BENKELMAN NE,0.0,0.0,302.6,0.0,0.0,0.0,2017-03-31T02:29:51.047000
20160901,502,S. F. REPUBLICAN RIVER NEAR FLAGLER CO,0.0,0.0,791.3,0.0,0.0,0.0,2017-03-31T02:29:51.047000
20160901,503,SF REPUBLICAN RIVER NR BENKELMAN NE,0.0,0.0,677.9,0.0,0.0,0.0,2017-03-31T02:29:51.047000
20160901,504,ARIKAREE RIVER AT HAIGLER NE,0.0,0.0,580.8,0.0,0.0,0.0,2017-03-31T02:29:51.047000
20160901,505,ARIKAREE RIVER NR JOES CO,0.0,0.0,956.2,0.0,0.0,0.0,2017-03-31T02:29:51.047000
20160901,530,LTL BEAVER CRK NEAR ST FRANCIS KS,0.0,0.0,253.6,0.0,0.0,0.0,2017-03-31T02:29:51.047000
20160901,531,BEAVER CRK NEAR GOODLAND KS,0.0,0.0,242.4,0.0,0.0,0.0,2017-03-31T02:29:51.047000
20160901,552,BUFFALO CRK NR HARTFORD RANCH NE,0.0,0.0,1115.1,0.0,0.0,0.0,2017-03-31T02:29:51.047000
20160901,553,MUDDY CREEK NEAR OUGH NE,0.0,0.0,693.7,0.0,0.0,0.0,2017-03-31T02:29:51.047000
20160901,554,FRENCHMAN CREEK ABV ENDERS RES,0.0,0.0,1113.8,0.0,0.0,0.0,2017-03-31T02:29:51.047000
20160901,555,"STINKING WATER CRK NEAR GRANT, NE",0.0,0.0,910.1,0.0,0.0,0.0,2017-03-31T02:29:51.047000
20160901,556,MDL BEAVER CRK NEAR KANORADO KS,0.0,0.0,188.5,0.0,0.0,0.0,2017-03-31T02:29:51.047000
20160901,549,HELL CREEK ABOVE BONNY LAKE,0.0,0.0,155.7,0.0,0.0,0.0,2017-03-31T02:29:51.047000
20160901,550,S. F. REPUBLICAN RIVER ABOVE BONNY LAKE,0.0,0.0,455.1,0.0,0.0,0.0,2017-03-31T02:29:51.047000
20160901,551,BASEFLOW AREA ABV 506,0.0,0.0,1246.5,0.0,0.0,0.0,2017-03-31T02:29:51.047000
20160901,559,BONNY CREEK NR BENKLEMAN NE,0.0,0.0,179.9,0.0,0.0,0.0,2017-03-31T02:29:51.047000
20160901,3291,"BIJOU CR AT 36 HIGHWAY, CO",0.0,0.0,575.9,0.0,0.0,0.0,2017-03-31T02:29:51.047000
20160901,3290,"BIJOU CR AT 96TH AVE, CO",0.0,0.0,407.2,0.0,0.0,0.0,2017-03-31T02:29:51.047000
20160901,3288,"BOX ELDER CR NR DENVER INT, CO",0.0,0.0,167.2,0.0,0.0,0.0,2017-03-31T02:29:51.047000
20160901,3289,"BOX ELDER CR NR KERSEY, CO",0.0,0.0,299.4,0.0,0.0,0.0,2017-03-31T02:29:51.047000
20160901,3287,"KIOWA CR NR BENNETT, CO",0.0,0.0,265.7,0.0,0.0,0.0,2017-03-31T02:29:51.047000
20160901,3235,LONETREE CR NR GREELEY CO,0.0,0.0,598.0,0.0,0.0,0.0,2017-03-31T02:29:51.047000
20160901,3214,CACHE LA POUDRE RIVER NR GREELY CO,0.0,0.0,655.4,0.0,0.0,0.0,2017-03-31T02:29:51.047000
20160901,3240,BIG THOMPSON R NR LA SALLE CO,0.0,0.0,396.8,0.0,0.0,0.0,2017-03-31T02:29:51.047000
20160901,3285,"SOUTH PLATTE AT FT. LUPTON, CO",0.0,0.0,246.6,0.0,0.0,0.0,2017-03-31T02:29:51.047000
20160901,3215,S. PLATTE RIVER NR KERSEY CO,0.0,0.0,401.4,0.0,0.0,0.0,2017-03-31T02:29:51.047000
20160901,3292,"SOUTH PLATTE NR FT. MORGAN, CO",0.0,0.0,215.4,0.0,0.0,0.0,2017-03-31T02:29:51.047000
20160901,3271,BADGER CR. NR FT. MORGAN CO,0.0,0.0,273.8,0.0,0.0,0.0,2017-03-31T02:29:51.047000
20160901,3272,S. PLATTE RIV. AT COOPER BRIDGE NR BALZAC CO,0.0,0.0,378.2,0.0,0.0,0.0,2017-03-31T02:29:51.047000
20160901,3295,"PAWNEE CR NR STERLING, CO",0.0,0.0,736.6,0.0,0.0,0.0,2017-03-31T02:29:51.047000
20160901,3279,KIOWA CR. NR GOODRICH CO,0.0,0.0,434.6,0.0,0.0,0.0,2017-03-31T02:29:51.047000
20160901,3276,LODGEPOLE CR AT BUSHNELL NE 1S,0.0,0.0,799.1,0.0,0.0,0.0,2017-03-31T02:29:51.047000
20160901,3213,S. PLATTE RIVER AT HENDERSON CO,0.0,0.0,146.8,0.0,0.0,0.0,2017-03-31T02:29:51.047000
20160901,3216,CROW CR. AT BARNESVILLE CO,0.0,0.0,1063.7,0.0,0.0,0.0,2017-03-31T02:29:51.047000
20160901,3280,S. PLATTE RIVER NR WELDONA CO,0.0,0.0,1027.6,0.0,0.0,0.0,2017-03-31T02:29:51.047000
20160901,3263,BIJOU CR. NR WIGGINS CO,0.0,0.0,393.3,0.0,0.0,0.0,2017-03-31T02:29:51.047000
20160901,3293,"BEAVER CR NR BRUSH, CO AT INTERSTATE 76",0.0,0.0,1074.1,0.0,0.0,0.0,2017-03-31T02:29:51.047000
20160901,3294,"SOUTH PLATTE NR ATWOOD, CO",0.0,0.0,796.3,0.0,0.0,0.0,2017-03-31T02:29:51.047000
20160901,3296,"CEDAR CR AT STERLING RES, CO",0.0,0.0,343.4,0.0,0.0,0.0,2017-03-31T02:29:51.047000
20160901,3273,S. PLATTE RIVER AT JULESBURG CO,0.0,0.0,1251.5,0.0,0.0,0.0,2017-03-31T02:29:51.047000
20160901,3281,S. PLATTE RIVER AT ROSCOE NE,0.0,0.0,715.3,0.0,0.0,0.0,2017-03-31T02:29:51.047000
20160901,3102,ENCAMPMENT R. AT RIVERSIDE,0.0,0.0,213.9,0.0,0.0,0.0,2017-03-31T02:29:51.047000
20160901,3108,LARAMIE RIVER AT LARAMIE WY,0.0,0.0,670.0,0.0,0.0,0.0,2017-03-31T02:29:51.047000
20160901,3207,S. PLATTE RIVER NR S. PLATTE CO,0.0,0.0,90.0,0.0,0.0,0.0,2017-03-31T02:29:51.047000
20160901,3208,NF S. PLATTE AT PINE CO,0.0,0.0,183.2,0.0,0.0,0.0,2017-03-31T02:29:51.047000
20160901,3209,N.F. S. PLATTE RIVER NR S. PLATTE CO,0.0,0.0,170.4,0.0,0.0,0.0,2017-03-31T02:29:51.047000
20160901,3210,CHATFIELD LAKE NR LITTLETON CO,0.0,0.0,116.9,0.0,0.0,0.0,2017-03-31T02:29:51.047000
20160901,3211,"PLUM CREEK NR SEDALIA, CO.",0.0,0.0,275.3,0.0,0.0,0.0,2017-03-31T02:29:51.047000
20160901,3212,BEAR CR RESERVOIR CO,0.0,0.0,81.3,0.0,0.0,0.0,2017-03-31T02:29:51.047000
20160901,3217,BEAR CR. AT MORRISON CO,0.0,0.0,163.2,1.0,1.0,0.3,2017-03-31T02:29:51.047000
20160901,3218,S. PLATTE RIVER AT DENVER CO,0.0,0.0,112.6,0.0,0.0,0.0,2017-03-31T02:29:51.047000
20160901,3219,CHERRY CR. BELOW CHERRY CR. LAKE CO,0.0,0.0,212.4,0.0,0.0,0.0,2017-03-31T02:29:51.047000
20160901,3220,CLEAR CR. AT GOLDEN CO,0.0,0.0,245.4,0.0,0.0,0.0,2017-03-31T02:29:51.047000
20160901,3221,CLEAR CR. AT MOUTH NR DERBY CO,0.0,0.0,176.1,0.0,0.0,0.0,2017-03-31T02:29:51.047000
20160901,3223,TARRYALL RES ABV 3202,0.0,0.0,103.8,0.0,0.0,0.0,2017-03-31T02:29:51.047000
20160901,3224,TARRYALL CR BLO ROCK CR CO,0.0,0.0,227.2,0.0,-17.0,0.0,2017-03-31T02:29:51.047000
20160901,3206,HORSE CR. AT DECKER CO,0.0,0.0,223.0,0.0,0.0,0.0,2017-03-31T02:29:51.047000
20160901,3277,LODGEPOLE CR AT SYDNEY NE,0.0,0.0,1445.3,0.0,0.0,0.0,2017-03-31T02:29:51.047000
20160901,3229,NF S. PLATTE BLO GENEVA CR CO,0.0,0.0,124.3,2.0,0.0,0.4,2017-03-31T02:29:51.047000
20160901,3230,CLEAR CR AT LAWSON CO,0.0,0.0,153.6,1.0,-4.0,0.16,2017-03-31T02:29:51.047000
20160901,3231,CHERRY CR. NR FRANKTOWN CO,0.0,0.0,158.4,0.0,0.0,0.0,2017-03-31T02:29:51.047000
20160901,3233,SAND CR AT MOUTH COMMERCE CITY CO,0.0,0.0,178.7,0.0,0.0,0.0,2017-03-31T02:29:51.047000
20160901,3234,BEAR CR. AT MOUTH AT SHERIDAN CO,0.0,0.0,23.3,0.0,0.0,0.0,2017-03-31T02:29:51.047000
20160901,3236,CACHE LA POUDRE RIVER AT FORT COLLINS CO,0.0,0.0,163.2,0.0,0.0,0.0,2017-03-31T02:29:51.047000
20160901,3239,BUCKHORN CR NR MASONVILLE CO,0.0,0.0,138.2,0.0,0.0,0.0,2017-03-31T02:29:51.047000
20160901,3243,ST. VRAIN CR AT LYONS CO,0.0,0.0,221.7,0.0,0.0,0.0,2017-03-31T02:29:51.047000
20160901,3244,"SO PLATTE R. AT WATERTON, CO",0.0,0.0,45.1,0.0,0.0,0.0,2017-03-31T02:29:51.047000
20160901,3270,S. PLATTE RIVER AT ENGLEWOOD CO,0.0,0.0,75.9,0.0,0.0,0.0,2017-03-31T02:29:51.047000
20160901,402,NF SOLOMON RIVER NR GOODLAND KS,0.0,0.0,284.3,0.0,0.0,0.0,2017-03-31T02:29:51.047000
20160901,3282,"S. BOULDER CR @ ELDORADO SPRINGS, CO",0.0,0.0,108.6,0.0,0.0,0.0,2017-03-31T02:29:51.047000
20160901,CLANSELO,CLANSECO <8000ft,0.0,0.0,350.2,0.0,0.0,0.0,2017-03-31T02:29:51.047000
20160901,CLANSEM,"CLANSECO >8000ft - <10,250ft",0.0,0.0,210.0,0.0,0.0,0.0,2017-03-31T02:29:51.047000
20160901,CLANSEUP,"CLANSECO >10,250ft",0.0,0.0,8.4,0.0,0.0,0.0,2017-03-31T02:29:51.047000
20160901,CLAFTCLO,CLAFTCCO <8000ft,0.0,0.0,125.3,0.0,0.0,0.0,2017-03-31T02:29:51.047000
20160901,CLAFTCM,"CLAFTCCO >8000ft - <10,250ft",0.0,0.0,224.7,0.0,0.0,0.0,2017-03-31T02:29:51.047000
20160901,CLAFTCUP,"CLAFTCCO >10,250ft",0.0,0.0,137.6,0.0,0.0,0.0,2017-03-31T02:29:51.047000
20160901,BAKC2LO,Colo Baker Gulch Lower,0.0,0.0,23.0,0.0,0.0,0.0,2017-03-31T02:29:51.047000
20160901,BAKC2UP,Colo Baker Gulch Upper,0.0,0.0,22.4,0.0,0.0,0.0,2017-03-31T02:29:51.047000
20160901,GRDC2,Grand River Ditch,0.0,0.0,18.6,0.0,0.0,0.0,2017-03-31T02:29:51.047000
20160901,GBYC2LO,Lake Granby Lower,0.0,0.0,70.4,0.0,0.0,0.0,2017-03-31T02:29:51.047000
20160901,GBYC2UP,Lake Granby Upper,0.0,0.0,45.7,0.0,0.0,0.0,2017-03-31T02:29:51.047000
20160901,SDMCOLO,Shadow Mountain Lower,0.0,0.0,58.1,0.0,0.0,0.0,2017-03-31T02:29:51.047000
20160901,SDMCOUP,Shadow Mountain Upper,0.0,0.0,59.6,0.0,0.0,0.0,2017-03-31T02:29:51.047000
20160901,SDMCO,Shadow Mountain Reservoir,0.0,0.0,2.9,0.0,0.0,0.0,2017-03-31T02:29:51.047000
20160901,GBYC2,Lake Granby,0.0,0.0,10.6,0.0,0.0,0.0,2017-03-31T02:29:51.047000
20160901,WCRC2LO,WILLOW CK (LOWER ELEV),0.0,0.0,109.6,0.0,0.0,0.0,2017-03-31T02:29:51.047000
20160901,WCRC2UP,WILLOW CK (UPPER ELEV),0.0,0.0,18.6,0.0,0.0,0.0,2017-03-31T02:29:51.047000
20160901,WCDC2,WILLOW CK RESERVOIR,0.0,0.0,5.5,0.0,0.0,0.0,2017-03-31T02:29:51.047000
20160901,CRDC2,"RIO GRANDE AT THIRTYMILE BRIDGE, NR CREEDE, CO.",0.0,0.0,161.0,9.0,9.0,1.18,2017-03-31T02:29:51.047000
20160901,RWGC2,"RIO GRANDE AT WAGON WHEEL GAP, CO",0.0,0.0,604.4,0.0,0.0,0.0,2017-03-31T02:29:51.047000
20160901,SRGC2,"SOUTH FORK RIO GRANDE AT SOUTH FORK, CO",0.0,0.0,210.5,0.0,0.0,0.0,2017-03-31T02:29:51.047000
20160901,DNRC2,"RIO GRANDE NEAR DEL NORTE, CO",0.0,0.0,336.9,0.0,0.0,0.0,2017-03-31T02:29:51.047000
20160901,MVTC2,"RIO GRANDE NEAR MONTE VISTA, CO",0.0,0.0,230.6,0.0,0.0,0.0,2017-03-31T02:29:51.047000
20160901,ALAC2,"RIO GRANDE AT ALAMOSA, CO",0.0,0.0,75.2,0.0,0.0,0.0,2017-03-31T02:29:51.047000
20160901,close,CLOSED BASIN,0.0,0.0,2402.8,0.0,-18.0,0.0,2017-03-31T02:29:51.047000
20160901,SCKC2,"SAGUACHE CREEK NEAR SAGUACHE, CO",0.0,0.0,518.4,0.0,0.0,0.0,2017-03-31T02:29:51.047000
20160901,TERC2,"ALAMOSA RIVER ABOVE TERRACE RESERVOIR, CO.",0.0,0.0,106.6,0.0,0.0,0.0,2017-03-31T02:29:51.047000
20160901,LJCC2,"LA JARA CREEK AT GALLEGOS RANCH, NR CAPULIN, CO",0.0,0.0,102.7,0.0,0.0,0.0,2017-03-31T02:29:51.047000
20160901,RGTC2,"RIOGRANDE AB MOUTH TRINCHERA C NR LASAUSES, CO",0.0,0.0,965.8,0.0,0.0,0.0,2017-03-31T02:29:51.047000
20160901,TTRC2,"TRINCHERA C AB TURNERS RANCH, NR FT GARLAND, CO",0.0,0.0,52.4,0.0,0.0,0.0,2017-03-31T02:29:51.047000
20160901,SAFC2,"SANGRE DE CRISTO CREEK NEAR FORT GARLAND, CO.",0.0,0.0,182.5,0.0,0.0,0.0,2017-03-31T02:29:51.047000
20160901,UFGC2,"UTE CREEK NEAR FORT GARLAND, CO",0.0,0.0,40.3,0.0,0.0,0.0,2017-03-31T02:29:51.047000
20160901,TBSC2,"TRINCHERA CREEK BELOW SMITH RES, NR BLANCA, CO",0.0,0.0,120.2,0.0,0.0,0.0,2017-03-31T02:29:51.047000
20160901,PTOC2,"CONEJOS RIVER BELOW PLATORO RESERVOIR, CO",0.0,0.0,40.7,0.0,0.0,0.0,2017-03-31T02:29:51.047000
20160901,MOGC2,"CONEJOS RIVER NEAR MOGOTE, CO.",0.0,0.0,240.6,0.0,0.0,0.0,2017-03-31T02:29:51.047000
20160901,SAOC2,"SAN ANTONIO RIVER AT ORTIZ, CO.",0.0,0.0,116.0,0.0,0.0,0.0,2017-03-31T02:29:51.047000
20160901,ORTC2,"LOS PINOS RIVER NEAR ORTIZ, CO.",0.0,0.0,153.1,0.0,0.0,0.0,2017-03-31T02:29:51.047000
20160901,SMSC2,"SAN ANTONIO RIVER AT MOUTH, NEAR MANASSA, CO.",0.0,0.0,110.5,0.0,0.0,0.0,2017-03-31T02:29:51.047000
20160901,LSZC2,"CONEJOS RIVER NEAR LASAUSES, CO.",0.0,0.0,106.5,0.0,0.0,0.0,2017-03-31T02:29:51.047000
20160901,SLUC2,"CULEBRA CREEK AT SAN LUIS, CO",0.0,0.0,251.2,0.0,0.0,0.0,2017-03-31T02:29:51.047000
20160901,LOBC2,"RIO GRANDE NEAR LOBATOS, CO",0.0,0.0,358.0,0.0,0.0,0.0,2017-03-31T02:29:51.047000
