Date_YYYYMMDD,LOCAL_ID,LOCAL_NAME,SNODAS_SWE_Mean_in,SNODAS_SWE_Mean_mm,SNODAS_EffectiveArea_sqmi,SNODAS_SWE_Volume_acft,SNODAS_SWE_Volume_1WeekChange_acft,SNODAS_SnowCover_percent,Updated_Timestamp
20031001,RURC2L_F,FRYING PAN - RUEDI RES. NR BASALT,0.0,0.0,90.3,0.0,NULL,0.0,2017-03-16T13:35:03.056000
20031002,RURC2L_F,FRYING PAN - RUEDI RES. NR BASALT,0.0,0.0,90.3,0.0,NULL,0.0,2017-03-16T13:35:55.759000
20031003,RURC2L_F,FRYING PAN - RUEDI RES. NR BASALT,0.0,0.0,90.3,0.0,NULL,0.0,2017-03-16T13:36:35.448000
20031004,RURC2L_F,FRYING PAN - RUEDI RES. NR BASALT,0.0,0.0,90.3,0.0,NULL,0.0,2017-03-16T13:37:16.917000
20031005,RURC2L_F,FRYING PAN - RUEDI RES. NR BASALT,0.0,0.0,90.3,0.0,NULL,0.0,2017-03-16T13:38:02.164000
20031006,RURC2L_F,FRYING PAN - RUEDI RES. NR BASALT,0.0,0.0,90.3,0.0,NULL,0.0,2017-03-16T13:38:45.858000
20031007,RURC2L_F,FRYING PAN - RUEDI RES. NR BASALT,0.0,0.0,90.3,0.0,NULL,0.0,2017-03-16T13:39:29.686000
20031008,RURC2L_F,FRYING PAN - RUEDI RES. NR BASALT,0.0,0.0,90.3,0.0,0.0,0.0,2017-03-16T13:40:14.192000
20031009,RURC2L_F,FRYING PAN - RUEDI RES. NR BASALT,0.0,0.0,90.3,0.0,0.0,0.0,2017-03-16T13:40:58.759000
20031010,RURC2L_F,FRYING PAN - RUEDI RES. NR BASALT,0.0,0.0,90.3,0.0,0.0,0.0,2017-03-16T13:41:42.076000
20031011,RURC2L_F,FRYING PAN - RUEDI RES. NR BASALT,0.0,0.0,90.3,0.0,0.0,0.0,2017-03-16T13:42:26.252000
20031012,RURC2L_F,FRYING PAN - RUEDI RES. NR BASALT,0.0,0.0,90.3,0.0,0.0,0.0,2017-03-16T13:43:10.187000
20031013,RURC2L_F,FRYING PAN - RUEDI RES. NR BASALT,0.0,0.0,90.3,0.0,0.0,0.0,2017-03-16T13:43:52.658000
20031014,RURC2L_F,FRYING PAN - RUEDI RES. NR BASALT,0.0,0.0,90.3,0.0,0.0,0.0,2017-03-16T13:44:35.191000
20031015,RURC2L_F,FRYING PAN - RUEDI RES. NR BASALT,0.0,0.0,90.3,0.0,0.0,0.0,2017-03-16T13:45:18.056000
20031016,RURC2L_F,FRYING PAN - RUEDI RES. NR BASALT,0.0,0.0,90.3,0.0,0.0,0.0,2017-03-16T13:46:01.749000
20031017,RURC2L_F,FRYING PAN - RUEDI RES. NR BASALT,0.0,0.0,90.3,0.0,0.0,0.0,2017-03-16T13:46:45.689000
20031018,RURC2L_F,FRYING PAN - RUEDI RES. NR BASALT,0.0,0.0,90.3,0.0,0.0,0.0,2017-03-16T13:47:26.861000
20031019,RURC2L_F,FRYING PAN - RUEDI RES. NR BASALT,0.0,0.0,90.3,0.0,0.0,0.0,2017-03-16T13:48:09.735000
20031020,RURC2L_F,FRYING PAN - RUEDI RES. NR BASALT,0.0,0.0,90.3,0.0,0.0,0.0,2017-03-16T13:48:50.507000
20031021,RURC2L_F,FRYING PAN - RUEDI RES. NR BASALT,0.0,0.0,90.3,0.0,0.0,0.0,2017-03-16T13:49:33.098000
20031022,RURC2L_F,FRYING PAN - RUEDI RES. NR BASALT,0.0,0.0,90.3,0.0,0.0,0.0,2017-03-16T13:50:14.305000
20031023,RURC2L_F,FRYING PAN - RUEDI RES. NR BASALT,0.0,0.0,90.3,0.0,0.0,0.0,2017-03-16T13:50:56.002000
20031024,RURC2L_F,FRYING PAN - RUEDI RES. NR BASALT,0.0,0.0,90.3,0.0,0.0,0.0,2017-03-16T13:51:38.521000
20031025,RURC2L_F,FRYING PAN - RUEDI RES. NR BASALT,0.0,0.0,90.3,0.0,0.0,0.0,2017-03-16T13:52:20.959000
20031026,RURC2L_F,FRYING PAN - RUEDI RES. NR BASALT,0.0,0.0,90.3,0.0,0.0,0.0,2017-03-16T13:53:04.087000
20031027,RURC2L_F,FRYING PAN - RUEDI RES. NR BASALT,0.0,0.0,90.3,0.0,0.0,0.0,2017-03-16T13:53:45.558000
20031028,RURC2L_F,FRYING PAN - RUEDI RES. NR BASALT,0.0,0.0,90.3,0.0,0.0,0.0,2017-03-16T13:54:27.220000
20031029,RURC2L_F,FRYING PAN - RUEDI RES. NR BASALT,0.0,0.0,90.3,0.0,0.0,0.0,2017-03-16T13:55:09.870000
20031031,RURC2L_F,FRYING PAN - RUEDI RES. NR BASALT,0.0,0.0,90.3,0.0,0.0,0.0,2017-03-16T13:55:59.982000
20030930,RURC2L_F,FRYING PAN - RUEDI RES. NR BASALT,0.0,0.0,90.3,0.0,NULL,0.0,2017-03-16T13:58:43.987000
20031101,RURC2L_F,FRYING PAN - RUEDI RES. NR BASALT,0.0,0.0,90.3,0.0,0.0,0.0,2017-03-16T14:00:20.775000
20031102,RURC2L_F,FRYING PAN - RUEDI RES. NR BASALT,0.0,0.0,90.3,20.0,20.0,8.9,2017-03-16T14:01:06.282000
20031103,RURC2L_F,FRYING PAN - RUEDI RES. NR BASALT,0.0,0.0,90.3,33.0,33.0,11.93,2017-03-16T14:01:51.094000
20031104,RURC2L_F,FRYING PAN - RUEDI RES. NR BASALT,0.1,2.0,90.3,444.0,444.0,96.51,2017-03-16T14:02:37.829000
20031105,RURC2L_F,FRYING PAN - RUEDI RES. NR BASALT,0.1,2.0,90.3,366.0,366.0,83.49,2017-03-16T14:03:25.415000
20031106,RURC2L_F,FRYING PAN - RUEDI RES. NR BASALT,0.1,2.0,90.3,366.0,NULL,81.56,2017-03-16T14:04:12.777000
20031107,RURC2L_F,FRYING PAN - RUEDI RES. NR BASALT,0.1,2.0,90.3,323.0,323.0,77.61,2017-03-16T14:04:58.677000
20031108,RURC2L_F,FRYING PAN - RUEDI RES. NR BASALT,0.1,2.0,90.3,289.0,289.0,69.08,2017-03-16T14:05:46.289000
20031109,RURC2L_F,FRYING PAN - RUEDI RES. NR BASALT,0.1,3.0,90.3,572.0,552.0,99.36,2017-03-16T14:06:34.841000
20031110,RURC2L_F,FRYING PAN - RUEDI RES. NR BASALT,0.1,2.0,90.3,380.0,347.0,69.54,2017-03-16T14:07:25.172000
20031111,RURC2L_F,FRYING PAN - RUEDI RES. NR BASALT,0.2,6.0,90.3,1050.0,606.0,100.0,2017-03-16T14:08:14.646000
20031112,RURC2L_F,FRYING PAN - RUEDI RES. NR BASALT,0.3,8.0,90.3,1441.0,1075.0,100.0,2017-03-16T14:09:02.733000
20031113,RURC2L_F,FRYING PAN - RUEDI RES. NR BASALT,0.3,7.0,90.3,1317.0,951.0,100.0,2017-03-16T14:09:50.769000
20031114,RURC2L_F,FRYING PAN - RUEDI RES. NR BASALT,0.3,7.0,90.3,1260.0,937.0,96.97,2017-03-16T14:10:38.497000
20031115,RURC2L_F,FRYING PAN - RUEDI RES. NR BASALT,0.4,11.0,90.3,2082.0,1793.0,100.0,2017-03-16T14:11:29.080000
20031116,RURC2L_F,FRYING PAN - RUEDI RES. NR BASALT,0.5,12.0,90.3,2242.0,1670.0,100.0,2017-03-16T14:12:18.074000
20031117,RURC2L_F,FRYING PAN - RUEDI RES. NR BASALT,0.4,11.0,90.3,2126.0,1746.0,100.0,2017-03-16T14:13:06.409000
20031118,RURC2L_F,FRYING PAN - RUEDI RES. NR BASALT,0.8,19.0,90.3,3687.0,2637.0,100.0,2017-03-16T14:13:54.203000
20031119,RURC2L_F,FRYING PAN - RUEDI RES. NR BASALT,0.8,19.0,90.3,3618.0,2177.0,100.0,2017-03-16T14:14:41.638000
20031120,RURC2L_F,FRYING PAN - RUEDI RES. NR BASALT,1.5,37.0,90.3,7076.0,5759.0,97.61,2017-03-16T14:15:29.467000
20031121,RURC2L_F,FRYING PAN - RUEDI RES. NR BASALT,1.4,36.0,90.3,6759.0,5499.0,96.88,2017-03-16T14:16:16.538000
20031122,RURC2L_F,FRYING PAN - RUEDI RES. NR BASALT,1.3,34.0,90.3,6471.0,4389.0,92.39,2017-03-16T14:17:01.650000
20031123,RURC2L_F,FRYING PAN - RUEDI RES. NR BASALT,1.4,37.0,90.3,6943.0,4701.0,100.0,2017-03-16T14:17:49.103000
20031124,RURC2L_F,FRYING PAN - RUEDI RES. NR BASALT,1.4,36.0,90.3,6889.0,4763.0,100.0,2017-03-16T14:18:39.550000
20031125,RURC2L_F,FRYING PAN - RUEDI RES. NR BASALT,1.4,36.0,90.3,6784.0,3097.0,100.0,2017-03-16T14:19:30.263000
20031126,RURC2L_F,FRYING PAN - RUEDI RES. NR BASALT,1.4,36.0,90.3,6729.0,3111.0,100.0,2017-03-16T14:20:19.496000
20031127,RURC2L_F,FRYING PAN - RUEDI RES. NR BASALT,1.5,38.0,90.3,7245.0,169.0,100.0,2017-03-16T14:21:10.268000
20031128,RURC2L_F,FRYING PAN - RUEDI RES. NR BASALT,1.5,38.0,90.3,7223.0,464.0,100.0,2017-03-16T14:22:00.241000
20031129,RURC2L_F,FRYING PAN - RUEDI RES. NR BASALT,1.5,38.0,90.3,7136.0,665.0,100.0,2017-03-16T14:22:50.589000
20031130,RURC2L_F,FRYING PAN - RUEDI RES. NR BASALT,1.4,37.0,90.3,6968.0,25.0,99.54,2017-03-16T14:23:40.706000
20031201,RURC2L_F,FRYING PAN - RUEDI RES. NR BASALT,1.4,36.0,90.3,6878.0,-11.0,99.27,2017-03-16T14:28:18.902000
20031202,RURC2L_F,FRYING PAN - RUEDI RES. NR BASALT,1.5,39.0,90.3,7359.0,575.0,96.42,2017-03-16T14:29:08.278000
20031203,RURC2L_F,FRYING PAN - RUEDI RES. NR BASALT,1.5,38.0,90.3,7194.0,465.0,93.49,2017-03-16T14:29:56.056000
20031204,RURC2L_F,FRYING PAN - RUEDI RES. NR BASALT,1.5,38.0,90.3,7136.0,-109.0,92.48,2017-03-16T14:30:45.111000
20031205,RURC2L_F,FRYING PAN - RUEDI RES. NR BASALT,1.5,37.0,90.3,7081.0,-142.0,91.93,2017-03-16T14:31:36.506000
20031206,RURC2L_F,FRYING PAN - RUEDI RES. NR BASALT,1.5,37.0,90.3,7005.0,-131.0,91.38,2017-03-16T14:32:28.831000
20031207,RURC2L_F,FRYING PAN - RUEDI RES. NR BASALT,1.4,36.0,90.3,6762.0,-206.0,86.97,2017-03-16T14:33:19.356000
20031208,RURC2L_F,FRYING PAN - RUEDI RES. NR BASALT,1.4,36.0,90.3,6755.0,-123.0,91.01,2017-03-16T14:34:10.987000
20031209,RURC2L_F,FRYING PAN - RUEDI RES. NR BASALT,1.5,38.0,90.3,7179.0,-180.0,100.0,2017-03-16T14:35:03.321000
20031210,RURC2L_F,FRYING PAN - RUEDI RES. NR BASALT,1.5,38.0,90.3,7163.0,-31.0,100.0,2017-03-16T14:35:56.519000
20031211,RURC2L_F,FRYING PAN - RUEDI RES. NR BASALT,1.5,38.0,90.3,7182.0,46.0,99.54,2017-03-16T14:36:55.587000
20031212,RURC2L_F,FRYING PAN - RUEDI RES. NR BASALT,1.7,44.0,90.3,8250.0,1169.0,100.0,2017-03-16T14:37:50.022000
20031213,RURC2L_F,FRYING PAN - RUEDI RES. NR BASALT,1.7,43.0,90.3,8225.0,1220.0,99.91,2017-03-16T14:38:45.459000
20031214,RURC2L_F,FRYING PAN - RUEDI RES. NR BASALT,1.7,43.0,90.3,8182.0,1420.0,99.08,2017-03-16T14:39:39.541000
20031215,RURC2L_F,FRYING PAN - RUEDI RES. NR BASALT,1.7,43.0,90.3,8137.0,1382.0,95.32,2017-03-16T14:40:36.389000
20031216,RURC2L_F,FRYING PAN - RUEDI RES. NR BASALT,2.0,51.0,90.3,9702.0,2523.0,100.0,2017-03-16T14:41:33.280000
20031217,RURC2L_F,FRYING PAN - RUEDI RES. NR BASALT,2.0,51.0,90.3,9680.0,2517.0,100.0,2017-03-16T14:42:27.074000
20031218,RURC2L_F,FRYING PAN - RUEDI RES. NR BASALT,2.0,51.0,90.3,9573.0,2391.0,100.0,2017-03-16T14:43:24.487000
20031219,RURC2L_F,FRYING PAN - RUEDI RES. NR BASALT,2.3,58.0,90.3,11026.0,2776.0,100.0,2017-03-16T14:44:18.402000
20031220,RURC2L_F,FRYING PAN - RUEDI RES. NR BASALT,2.3,58.0,90.3,10929.0,2704.0,100.0,2017-03-16T14:45:11.339000
20031221,RURC2L_F,FRYING PAN - RUEDI RES. NR BASALT,2.2,57.0,90.3,10754.0,2572.0,100.0,2017-03-16T14:46:03.653000
20031222,RURC2L_F,FRYING PAN - RUEDI RES. NR BASALT,2.3,57.0,90.3,10861.0,2724.0,100.0,2017-03-16T14:46:56.747000
20031223,RURC2L_F,FRYING PAN - RUEDI RES. NR BASALT,2.3,58.0,90.3,10933.0,1231.0,100.0,2017-03-16T14:47:47.215000
20031224,RURC2L_F,FRYING PAN - RUEDI RES. NR BASALT,2.3,57.0,90.3,10844.0,1164.0,100.0,2017-03-16T14:48:40.486000
20031225,RURC2L_F,FRYING PAN - RUEDI RES. NR BASALT,2.2,56.0,90.3,10696.0,1123.0,99.82,2017-03-16T14:49:34.990000
20031226,RURC2L_F,FRYING PAN - RUEDI RES. NR BASALT,2.2,56.0,90.3,10651.0,-375.0,99.54,2017-03-16T14:50:27.454000
20031227,RURC2L_F,FRYING PAN - RUEDI RES. NR BASALT,2.3,60.0,90.3,11312.0,383.0,100.0,2017-03-16T14:51:20.948000
20031228,RURC2L_F,FRYING PAN - RUEDI RES. NR BASALT,2.6,65.0,90.3,12302.0,1548.0,100.0,2017-03-16T14:52:14.192000
20031229,RURC2L_F,FRYING PAN - RUEDI RES. NR BASALT,2.6,65.0,90.3,12382.0,1521.0,100.0,2017-03-16T14:53:06.956000
20031230,RURC2L_F,FRYING PAN - RUEDI RES. NR BASALT,2.8,70.0,90.3,13356.0,2423.0,100.0,2017-03-16T14:53:59.959000
20031231,RURC2L_F,FRYING PAN - RUEDI RES. NR BASALT,2.9,74.0,90.3,13999.0,3155.0,100.0,2017-03-16T14:54:52.875000
20040101,RURC2L_F,FRYING PAN - RUEDI RES. NR BASALT,2.9,73.0,90.3,13843.0,3147.0,100.0,2017-03-16T14:59:13.155000
20040102,RURC2L_F,FRYING PAN - RUEDI RES. NR BASALT,2.9,73.0,90.3,13822.0,3171.0,100.0,2017-03-16T15:00:07.453000
20040103,RURC2L_F,FRYING PAN - RUEDI RES. NR BASALT,3.3,84.0,90.3,15951.0,4639.0,100.0,2017-03-16T15:01:03.882000
20040104,RURC2L_F,FRYING PAN - RUEDI RES. NR BASALT,3.7,94.0,90.3,17769.0,5467.0,100.0,2017-03-16T15:02:00.471000
20040105,RURC2L_F,FRYING PAN - RUEDI RES. NR BASALT,3.8,96.0,90.3,18125.0,5743.0,100.0,2017-03-16T15:02:57.052000
20040106,RURC2L_F,FRYING PAN - RUEDI RES. NR BASALT,4.5,114.0,90.3,21560.0,8204.0,100.0,2017-03-16T15:03:51.798000
20040107,RURC2L_F,FRYING PAN - RUEDI RES. NR BASALT,4.5,113.0,90.3,21480.0,7481.0,100.0,2017-03-16T15:04:49.609000
20040108,RURC2L_F,FRYING PAN - RUEDI RES. NR BASALT,4.5,114.0,90.3,21521.0,7678.0,100.0,2017-03-16T15:05:45.659000
20040109,RURC2L_F,FRYING PAN - RUEDI RES. NR BASALT,4.5,113.0,90.3,21439.0,7617.0,100.0,2017-03-16T15:06:44.051000
20040110,RURC2L_F,FRYING PAN - RUEDI RES. NR BASALT,4.4,113.0,90.3,21375.0,5424.0,100.0,2017-03-16T15:07:39.864000
20040111,RURC2L_F,FRYING PAN - RUEDI RES. NR BASALT,4.4,112.0,90.3,21276.0,3507.0,100.0,2017-03-16T15:08:35.443000
20040112,RURC2L_F,FRYING PAN - RUEDI RES. NR BASALT,4.4,112.0,90.3,21149.0,3024.0,100.0,2017-03-16T15:09:30.992000
20040113,RURC2L_F,FRYING PAN - RUEDI RES. NR BASALT,4.8,122.0,90.3,23058.0,1498.0,100.0,2017-03-16T15:10:25.167000
20040114,RURC2L_F,FRYING PAN - RUEDI RES. NR BASALT,4.8,121.0,90.3,22951.0,1471.0,100.0,2017-03-16T15:11:21.015000
20040115,RURC2L_F,FRYING PAN - RUEDI RES. NR BASALT,4.8,121.0,90.3,22881.0,1360.0,100.0,2017-03-16T15:12:15.135000
20040116,RURC2L_F,FRYING PAN - RUEDI RES. NR BASALT,4.9,125.0,90.3,23615.0,2176.0,100.0,2017-03-16T15:13:09.087000
20040117,RURC2L_F,FRYING PAN - RUEDI RES. NR BASALT,4.9,124.0,90.3,23578.0,2203.0,100.0,2017-03-16T15:14:02.809000
20040118,RURC2L_F,FRYING PAN - RUEDI RES. NR BASALT,4.9,124.0,90.3,23529.0,2253.0,100.0,2017-03-16T15:14:56.229000
20040119,RURC2L_F,FRYING PAN - RUEDI RES. NR BASALT,4.9,124.0,90.3,23456.0,2307.0,100.0,2017-03-16T15:15:51.548000
20040120,RURC2L_F,FRYING PAN - RUEDI RES. NR BASALT,4.9,123.0,90.3,23401.0,343.0,100.0,2017-03-16T15:16:44.796000
20040121,RURC2L_F,FRYING PAN - RUEDI RES. NR BASALT,5.0,126.0,90.3,23898.0,947.0,100.0,2017-03-16T15:17:39.088000
20040122,RURC2L_F,FRYING PAN - RUEDI RES. NR BASALT,5.0,126.0,90.3,23837.0,956.0,100.0,2017-03-16T15:18:33.081000
20040123,RURC2L_F,FRYING PAN - RUEDI RES. NR BASALT,4.9,125.0,90.3,23767.0,152.0,100.0,2017-03-16T15:19:25.549000
20040124,RURC2L_F,FRYING PAN - RUEDI RES. NR BASALT,4.9,125.0,90.3,23640.0,62.0,100.0,2017-03-16T15:20:18.535000
20040125,RURC2L_F,FRYING PAN - RUEDI RES. NR BASALT,4.9,124.0,90.3,23516.0,-13.0,100.0,2017-03-16T15:21:13.596000
20040126,RURC2L_F,FRYING PAN - RUEDI RES. NR BASALT,5.1,129.0,90.3,24422.0,966.0,100.0,2017-03-16T15:22:09.404000
20040127,RURC2L_F,FRYING PAN - RUEDI RES. NR BASALT,5.1,129.0,90.3,24421.0,1020.0,100.0,2017-03-16T15:23:04.456000
20040128,RURC2L_F,FRYING PAN - RUEDI RES. NR BASALT,5.2,133.0,90.3,25195.0,1297.0,100.0,2017-03-16T15:24:00.317000
20040129,RURC2L_F,FRYING PAN - RUEDI RES. NR BASALT,5.2,132.0,90.3,25090.0,1253.0,100.0,2017-03-16T15:24:57.695000
20040130,RURC2L_F,FRYING PAN - RUEDI RES. NR BASALT,5.2,132.0,90.3,25003.0,1236.0,100.0,2017-03-16T15:25:52.215000
20040131,RURC2L_F,FRYING PAN - RUEDI RES. NR BASALT,5.2,131.0,90.3,24902.0,1262.0,100.0,2017-03-16T15:26:46.658000
20040201,RURC2L_F,FRYING PAN - RUEDI RES. NR BASALT,5.3,134.0,90.3,25352.0,1836.0,100.0,2017-03-16T15:27:41.773000
20040202,RURC2L_F,FRYING PAN - RUEDI RES. NR BASALT,5.3,135.0,90.3,25592.0,1170.0,100.0,2017-03-16T15:28:38.352000
20040203,RURC2L_F,FRYING PAN - RUEDI RES. NR BASALT,5.4,136.0,90.3,25799.0,1378.0,100.0,2017-03-16T15:29:33.878000
20040204,RURC2L_F,FRYING PAN - RUEDI RES. NR BASALT,5.4,136.0,90.3,25866.0,671.0,100.0,2017-03-16T15:30:31.030000
20040205,RURC2L_F,FRYING PAN - RUEDI RES. NR BASALT,5.9,149.0,90.3,28286.0,3196.0,100.0,2017-03-16T15:31:33.743000
20040206,RURC2L_F,FRYING PAN - RUEDI RES. NR BASALT,6.0,151.0,90.3,28685.0,3682.0,100.0,2017-03-16T15:32:31.293000
20040207,RURC2L_F,FRYING PAN - RUEDI RES. NR BASALT,5.9,151.0,90.3,28632.0,3730.0,100.0,2017-03-16T15:33:27.769000
20040208,RURC2L_F,FRYING PAN - RUEDI RES. NR BASALT,5.9,151.0,90.3,28535.0,3183.0,100.0,2017-03-16T15:34:24.948000
20040209,RURC2L_F,FRYING PAN - RUEDI RES. NR BASALT,6.0,152.0,90.3,28889.0,3297.0,100.0,2017-03-16T15:35:21.465000
20040210,RURC2L_F,FRYING PAN - RUEDI RES. NR BASALT,6.0,152.0,90.3,28843.0,3044.0,100.0,2017-03-16T15:36:21.979000
20040211,RURC2L_F,FRYING PAN - RUEDI RES. NR BASALT,6.7,171.0,90.3,32411.0,6545.0,100.0,2017-03-16T15:37:20.192000
20040212,RURC2L_F,FRYING PAN - RUEDI RES. NR BASALT,6.9,175.0,90.3,33105.0,4819.0,100.0,2017-03-16T15:38:20.583000
20040213,RURC2L_F,FRYING PAN - RUEDI RES. NR BASALT,6.9,174.0,90.3,33073.0,4388.0,100.0,2017-03-16T15:39:17.283000
20040214,RURC2L_F,FRYING PAN - RUEDI RES. NR BASALT,6.9,174.0,90.3,33024.0,4392.0,100.0,2017-03-16T15:40:17.171000
20040215,RURC2L_F,FRYING PAN - RUEDI RES. NR BASALT,6.8,174.0,90.3,32939.0,4404.0,100.0,2017-03-16T15:41:17.649000
20040216,RURC2L_F,FRYING PAN - RUEDI RES. NR BASALT,6.8,173.0,90.3,32844.0,3955.0,100.0,2017-03-16T15:42:16.171000
20040217,RURC2L_F,FRYING PAN - RUEDI RES. NR BASALT,6.8,173.0,90.3,32839.0,3996.0,100.0,2017-03-16T15:43:16.949000
20040218,RURC2L_F,FRYING PAN - RUEDI RES. NR BASALT,6.9,176.0,90.3,33393.0,982.0,100.0,2017-03-16T15:44:15.352000
20040219,RURC2L_F,FRYING PAN - RUEDI RES. NR BASALT,6.9,175.0,90.3,33191.0,86.0,100.0,2017-03-16T15:45:12.606000
20040220,RURC2L_F,FRYING PAN - RUEDI RES. NR BASALT,7.2,183.0,90.3,34630.0,1557.0,100.0,2017-03-16T15:46:10.568000
20040221,RURC2L_F,FRYING PAN - RUEDI RES. NR BASALT,7.2,183.0,90.3,34742.0,1718.0,100.0,2017-03-16T15:47:07.308000
20040222,RURC2L_F,FRYING PAN - RUEDI RES. NR BASALT,7.3,184.0,90.3,34952.0,2013.0,100.0,2017-03-16T15:48:04.311000
20040223,RURC2L_F,FRYING PAN - RUEDI RES. NR BASALT,7.3,186.0,90.3,35202.0,2358.0,100.0,2017-03-16T15:48:59.994000
20040224,RURC2L_F,FRYING PAN - RUEDI RES. NR BASALT,7.4,187.0,90.3,35453.0,2614.0,100.0,2017-03-16T15:49:55.746000
20040226,RURC2L_F,FRYING PAN - RUEDI RES. NR BASALT,7.5,190.0,90.3,35985.0,2794.0,100.0,2017-03-16T15:50:53.037000
20040227,RURC2L_F,FRYING PAN - RUEDI RES. NR BASALT,7.5,190.0,90.3,36066.0,1436.0,100.0,2017-03-16T15:51:54.307000
20040228,RURC2L_F,FRYING PAN - RUEDI RES. NR BASALT,7.5,190.0,90.3,36011.0,1269.0,100.0,2017-03-16T15:52:52.551000
20040229,RURC2L_F,FRYING PAN - RUEDI RES. NR BASALT,7.6,194.0,90.3,36757.0,1805.0,100.0,2017-03-16T15:53:48.361000
20040301,RURC2L_F,FRYING PAN - RUEDI RES. NR BASALT,7.8,199.0,90.3,37681.0,2479.0,100.0,2017-03-16T15:54:43.695000
20040302,RURC2L_F,FRYING PAN - RUEDI RES. NR BASALT,8.1,206.0,90.3,39109.0,3656.0,100.0,2017-03-16T15:55:40.751000
20040303,RURC2L_F,FRYING PAN - RUEDI RES. NR BASALT,8.1,206.0,90.3,39087.0,NULL,100.0,2017-03-16T15:56:36.932000
20040304,RURC2L_F,FRYING PAN - RUEDI RES. NR BASALT,8.1,206.0,90.3,39140.0,3155.0,100.0,2017-03-16T15:57:32.409000
20040305,RURC2L_F,FRYING PAN - RUEDI RES. NR BASALT,8.2,208.0,90.3,39406.0,3340.0,100.0,2017-03-16T15:58:29.031000
20040306,RURC2L_F,FRYING PAN - RUEDI RES. NR BASALT,8.3,211.0,90.3,39916.0,3905.0,100.0,2017-03-16T15:59:25.449000
20040307,RURC2L_F,FRYING PAN - RUEDI RES. NR BASALT,8.3,211.0,90.3,39964.0,3207.0,100.0,2017-03-16T16:00:20.643000
20040308,RURC2L_F,FRYING PAN - RUEDI RES. NR BASALT,8.3,210.0,90.3,39878.0,2197.0,100.0,2017-03-16T16:01:14.602000
20040309,RURC2L_F,FRYING PAN - RUEDI RES. NR BASALT,8.5,216.0,90.3,41000.0,1891.0,100.0,2017-03-16T16:02:09.970000
20040310,RURC2L_F,FRYING PAN - RUEDI RES. NR BASALT,8.5,216.0,90.3,40881.0,1794.0,100.0,2017-03-16T16:03:01.628000
20040311,RURC2L_F,FRYING PAN - RUEDI RES. NR BASALT,8.5,215.0,90.3,40729.0,1589.0,100.0,2017-03-16T16:03:53.149000
20040312,RURC2L_F,FRYING PAN - RUEDI RES. NR BASALT,8.1,206.0,90.3,39015.0,-391.0,100.0,2017-03-16T16:04:45.350000
20040313,RURC2L_F,FRYING PAN - RUEDI RES. NR BASALT,8.1,205.0,90.3,38868.0,-1048.0,100.0,2017-03-16T16:05:36.543000
20040314,RURC2L_F,FRYING PAN - RUEDI RES. NR BASALT,8.0,204.0,90.3,38725.0,-1239.0,100.0,2017-03-16T16:06:27.005000
20040315,RURC2L_F,FRYING PAN - RUEDI RES. NR BASALT,8.0,204.0,90.3,38738.0,-1140.0,100.0,2017-03-16T16:07:17.492000
20040316,RURC2L_F,FRYING PAN - RUEDI RES. NR BASALT,8.0,204.0,90.3,38665.0,-2335.0,100.0,2017-03-16T16:08:11.363000
20040317,RURC2L_F,FRYING PAN - RUEDI RES. NR BASALT,8.0,203.0,90.3,38515.0,-2366.0,100.0,2017-03-16T16:09:07.094000
20040318,RURC2L_F,FRYING PAN - RUEDI RES. NR BASALT,7.8,197.0,90.3,37345.0,-3384.0,100.0,2017-03-16T16:09:59.837000
20040319,RURC2L_F,FRYING PAN - RUEDI RES. NR BASALT,7.7,196.0,90.3,37130.0,-1885.0,100.0,2017-03-16T16:10:52.321000
20040320,RURC2L_F,FRYING PAN - RUEDI RES. NR BASALT,7.6,193.0,90.3,36597.0,-2271.0,100.0,2017-03-16T16:11:41.922000
20040321,RURC2L_F,FRYING PAN - RUEDI RES. NR BASALT,7.5,191.0,90.3,36140.0,-2585.0,100.0,2017-03-16T16:12:33.982000
20040322,RURC2L_F,FRYING PAN - RUEDI RES. NR BASALT,7.4,187.0,90.3,35509.0,-3229.0,100.0,2017-03-16T16:13:24.390000
20040323,RURC2L_F,FRYING PAN - RUEDI RES. NR BASALT,7.1,181.0,90.3,34279.0,-4386.0,100.0,2017-03-16T16:14:12.708000
20040324,RURC2L_F,FRYING PAN - RUEDI RES. NR BASALT,6.9,174.0,90.3,33035.0,-5480.0,100.0,2017-03-16T16:15:02.051000
20040325,RURC2L_F,FRYING PAN - RUEDI RES. NR BASALT,6.9,175.0,90.3,33116.0,-4229.0,100.0,2017-03-16T16:15:51.064000
20040326,RURC2L_F,FRYING PAN - RUEDI RES. NR BASALT,7.2,184.0,90.3,34814.0,-2316.0,100.0,2017-03-16T16:16:38.876000
20040327,RURC2L_F,FRYING PAN - RUEDI RES. NR BASALT,7.0,177.0,90.3,33486.0,-3111.0,100.0,2017-03-16T16:17:28.483000
20040328,RURC2L_F,FRYING PAN - RUEDI RES. NR BASALT,7.0,177.0,90.3,33471.0,-2669.0,100.0,2017-03-16T16:18:18.058000
20040329,RURC2L_F,FRYING PAN - RUEDI RES. NR BASALT,7.0,178.0,90.3,33699.0,-1810.0,100.0,2017-03-16T16:19:07.477000
20040330,RURC2L_F,FRYING PAN - RUEDI RES. NR BASALT,6.6,167.0,90.3,31732.0,-2547.0,96.33,2017-03-16T16:19:57.343000
20040331,RURC2L_F,FRYING PAN - RUEDI RES. NR BASALT,6.6,169.0,90.3,31998.0,-1037.0,96.15,2017-03-16T16:20:45.189000
20040401,RURC2L_F,FRYING PAN - RUEDI RES. NR BASALT,6.6,168.0,90.3,31779.0,-1337.0,96.15,2017-03-16T16:21:34.411000
20040402,RURC2L_F,FRYING PAN - RUEDI RES. NR BASALT,6.6,167.0,90.3,31651.0,-3163.0,95.78,2017-03-16T16:22:22.083000
20040403,RURC2L_F,FRYING PAN - RUEDI RES. NR BASALT,6.2,157.0,90.3,29820.0,-3666.0,95.6,2017-03-16T16:23:10.380000
20040404,RURC2L_F,FRYING PAN - RUEDI RES. NR BASALT,6.2,157.0,90.3,29732.0,-3739.0,94.86,2017-03-16T16:23:56.743000
20040405,RURC2L_F,FRYING PAN - RUEDI RES. NR BASALT,6.1,156.0,90.3,29539.0,-4160.0,94.04,2017-03-16T16:24:43.709000
20040406,RURC2L_F,FRYING PAN - RUEDI RES. NR BASALT,6.8,173.0,90.3,32839.0,1107.0,96.33,2017-03-16T16:25:31.209000
20040407,RURC2L_F,FRYING PAN - RUEDI RES. NR BASALT,6.8,173.0,90.3,32886.0,888.0,94.59,2017-03-16T16:26:18.848000
20040408,RURC2L_F,FRYING PAN - RUEDI RES. NR BASALT,6.8,172.0,90.3,32682.0,903.0,93.85,2017-03-16T16:27:06.483000
20040409,RURC2L_F,FRYING PAN - RUEDI RES. NR BASALT,6.8,173.0,90.3,32756.0,1105.0,92.66,2017-03-16T16:27:53.028000
20040410,RURC2L_F,FRYING PAN - RUEDI RES. NR BASALT,7.0,179.0,90.3,33915.0,4095.0,96.15,2017-03-16T16:28:39.026000
20040411,RURC2L_F,FRYING PAN - RUEDI RES. NR BASALT,7.1,179.0,90.3,33953.0,4221.0,96.7,2017-03-16T16:29:25.512000
20040412,RURC2L_F,FRYING PAN - RUEDI RES. NR BASALT,7.1,180.0,90.3,34113.0,4574.0,96.7,2017-03-16T16:30:13.284000
20040413,RURC2L_F,FRYING PAN - RUEDI RES. NR BASALT,7.3,184.0,90.3,34959.0,2120.0,95.5,2017-03-16T16:31:02.812000
20040414,RURC2L_F,FRYING PAN - RUEDI RES. NR BASALT,7.2,182.0,90.3,34567.0,1681.0,92.11,2017-03-16T16:31:50.265000
20040415,RURC2L_F,FRYING PAN - RUEDI RES. NR BASALT,7.0,178.0,90.3,33661.0,979.0,91.1,2017-03-16T16:32:38.695000
20040416,RURC2L_F,FRYING PAN - RUEDI RES. NR BASALT,6.8,173.0,90.3,32756.0,0.0,92.57,2017-03-16T16:33:24.537000
20040417,RURC2L_F,FRYING PAN - RUEDI RES. NR BASALT,6.6,167.0,90.3,31584.0,-2331.0,89.82,2017-03-16T16:34:10.433000
20040418,RURC2L_F,FRYING PAN - RUEDI RES. NR BASALT,6.2,158.0,90.3,29895.0,-4058.0,89.54,2017-03-16T16:34:58.235000
20040419,RURC2L_F,FRYING PAN - RUEDI RES. NR BASALT,6.1,155.0,90.3,29454.0,-4659.0,89.08,2017-03-16T16:35:45.574000
20040420,RURC2L_F,FRYING PAN - RUEDI RES. NR BASALT,5.6,142.0,90.3,26979.0,-7980.0,87.8,2017-03-16T16:36:34.391000
20040421,RURC2L_F,FRYING PAN - RUEDI RES. NR BASALT,5.6,143.0,90.3,27062.0,-7505.0,88.07,2017-03-16T16:37:24.949000
20040422,RURC2L_F,FRYING PAN - RUEDI RES. NR BASALT,5.7,145.0,90.3,27489.0,-6172.0,100.0,2017-03-16T16:38:11.504000
20040423,RURC2L_F,FRYING PAN - RUEDI RES. NR BASALT,5.8,147.0,90.3,27883.0,-4873.0,100.0,2017-03-16T16:38:58.776000
20040424,RURC2L_F,FRYING PAN - RUEDI RES. NR BASALT,5.9,149.0,90.3,28267.0,-3317.0,100.0,2017-03-16T16:39:45.132000
20040425,RURC2L_F,FRYING PAN - RUEDI RES. NR BASALT,6.0,152.0,90.3,28847.0,-1048.0,95.6,2017-03-16T16:40:31.701000
20040426,RURC2L_F,FRYING PAN - RUEDI RES. NR BASALT,6.1,155.0,90.3,29468.0,14.0,91.28,2017-03-16T16:41:16.300000
20040427,RURC2L_F,FRYING PAN - RUEDI RES. NR BASALT,6.1,155.0,90.3,29349.0,2370.0,88.17,2017-03-16T16:42:00.298000
20040428,RURC2L_F,FRYING PAN - RUEDI RES. NR BASALT,5.7,145.0,90.3,27580.0,518.0,84.68,2017-03-16T16:42:45.339000
20040429,RURC2L_F,FRYING PAN - RUEDI RES. NR BASALT,5.4,138.0,90.3,26138.0,-1351.0,80.18,2017-03-16T16:43:31.392000
20040430,RURC2L_F,FRYING PAN - RUEDI RES. NR BASALT,5.1,131.0,90.3,24749.0,-3134.0,76.15,2017-03-16T16:44:17.273000
20040501,RURC2L_F,FRYING PAN - RUEDI RES. NR BASALT,5.2,133.0,90.3,25212.0,-3055.0,89.54,2017-03-16T16:45:03.354000
20040502,RURC2L_F,FRYING PAN - RUEDI RES. NR BASALT,5.2,132.0,90.3,25073.0,-3774.0,82.29,2017-03-16T16:45:47.445000
20040503,RURC2L_F,FRYING PAN - RUEDI RES. NR BASALT,5.1,130.0,90.3,24711.0,-4757.0,73.76,2017-03-16T16:46:32.114000
20040504,RURC2L_F,FRYING PAN - RUEDI RES. NR BASALT,5.0,127.0,90.3,23997.0,-5352.0,69.36,2017-03-16T16:47:15.972000
20040505,RURC2L_F,FRYING PAN - RUEDI RES. NR BASALT,4.7,119.0,90.3,22633.0,-4947.0,65.32,2017-03-16T16:48:00.808000
20040506,RURC2L_F,FRYING PAN - RUEDI RES. NR BASALT,3.9,98.0,90.3,18560.0,-7578.0,59.82,2017-03-16T16:48:44.900000
20040507,RURC2L_F,FRYING PAN - RUEDI RES. NR BASALT,3.4,86.0,90.3,16381.0,-8368.0,58.35,2017-03-16T16:49:29.067000
20040508,RURC2L_F,FRYING PAN - RUEDI RES. NR BASALT,3.1,80.0,90.3,15156.0,-10056.0,57.43,2017-03-16T16:50:13.504000
20040509,RURC2L_F,FRYING PAN - RUEDI RES. NR BASALT,2.9,74.0,90.3,14046.0,-11027.0,56.42,2017-03-16T16:50:56.688000
20040510,RURC2L_F,FRYING PAN - RUEDI RES. NR BASALT,2.7,68.0,90.3,12976.0,-11735.0,53.67,2017-03-16T16:51:39.034000
20040511,RURC2L_F,FRYING PAN - RUEDI RES. NR BASALT,2.2,55.0,90.3,10464.0,-13533.0,51.83,2017-03-16T16:52:23.083000
20040512,RURC2L_F,FRYING PAN - RUEDI RES. NR BASALT,1.9,49.0,90.3,9336.0,-13297.0,50.64,2017-03-16T16:53:07.952000
20040513,RURC2L_F,FRYING PAN - RUEDI RES. NR BASALT,1.9,49.0,90.3,9241.0,-9319.0,50.64,2017-03-16T16:53:54.542000
20040514,RURC2L_F,FRYING PAN - RUEDI RES. NR BASALT,1.9,49.0,90.3,9231.0,-7150.0,50.64,2017-03-16T16:54:43.569000
20040515,RURC2L_F,FRYING PAN - RUEDI RES. NR BASALT,1.9,48.0,90.3,9163.0,-5993.0,50.18,2017-03-16T16:55:27.821000
20040516,RURC2L_F,FRYING PAN - RUEDI RES. NR BASALT,1.9,48.0,90.3,9034.0,-5012.0,50.09,2017-03-16T16:56:12.295000
20040517,RURC2L_F,FRYING PAN - RUEDI RES. NR BASALT,1.7,44.0,90.3,8355.0,-4621.0,49.45,2017-03-16T16:56:56.704000
20040518,RURC2L_F,FRYING PAN - RUEDI RES. NR BASALT,1.6,41.0,90.3,7678.0,-2786.0,48.44,2017-03-16T16:57:39.135000
20040519,RURC2L_F,FRYING PAN - RUEDI RES. NR BASALT,1.4,36.0,90.3,6801.0,-2535.0,47.06,2017-03-16T16:58:23.563000
20040520,RURC2L_F,FRYING PAN - RUEDI RES. NR BASALT,1.1,29.0,90.3,5496.0,-3745.0,45.87,2017-03-16T16:59:07.135000
20040521,RURC2L_F,FRYING PAN - RUEDI RES. NR BASALT,1.0,24.0,90.3,4643.0,-4588.0,42.57,2017-03-16T16:59:50.056000
20040522,RURC2L_F,FRYING PAN - RUEDI RES. NR BASALT,0.8,20.0,90.3,3717.0,-5446.0,36.61,2017-03-16T17:00:33.146000
20040523,RURC2L_F,FRYING PAN - RUEDI RES. NR BASALT,0.7,18.0,90.3,3482.0,-5552.0,35.14,2017-03-16T17:01:17.685000
20040524,RURC2L_F,FRYING PAN - RUEDI RES. NR BASALT,0.7,17.0,90.3,3227.0,-5128.0,33.67,2017-03-16T17:02:02.718000
20040525,RURC2L_F,FRYING PAN - RUEDI RES. NR BASALT,0.6,16.0,90.3,3057.0,-4621.0,33.12,2017-03-16T17:02:47.720000
20040526,RURC2L_F,FRYING PAN - RUEDI RES. NR BASALT,0.6,15.0,90.3,2811.0,-3990.0,34.68,2017-03-16T17:03:32.078000
20040527,RURC2L_F,FRYING PAN - RUEDI RES. NR BASALT,0.5,14.0,90.3,2571.0,-2925.0,31.93,2017-03-16T17:04:15.121000
20040528,RURC2L_F,FRYING PAN - RUEDI RES. NR BASALT,0.5,12.0,90.3,2265.0,-2378.0,30.0,2017-03-16T17:04:58.638000
20040529,RURC2L_F,FRYING PAN - RUEDI RES. NR BASALT,0.4,9.0,90.3,1757.0,-1960.0,25.23,2017-03-16T17:05:41.858000
20040530,RURC2L_F,FRYING PAN - RUEDI RES. NR BASALT,0.4,10.0,90.3,1908.0,-1574.0,100.0,2017-03-16T17:06:25.501000
20040531,RURC2L_F,FRYING PAN - RUEDI RES. NR BASALT,0.4,10.0,90.3,1984.0,-1243.0,80.64,2017-03-16T17:07:08.853000
20040601,RURC2L_F,FRYING PAN - RUEDI RES. NR BASALT,0.3,9.0,90.3,1629.0,-1428.0,23.49,2017-03-16T17:07:52.282000
20040602,RURC2L_F,FRYING PAN - RUEDI RES. NR BASALT,0.3,8.0,90.3,1476.0,-1335.0,21.01,2017-03-16T17:08:35.324000
20040603,RURC2L_F,FRYING PAN - RUEDI RES. NR BASALT,0.3,6.0,90.3,1209.0,-1362.0,18.99,2017-03-16T17:09:18.489000
20040604,RURC2L_F,FRYING PAN - RUEDI RES. NR BASALT,0.2,5.0,90.3,886.0,-1379.0,15.32,2017-03-16T17:10:01.355000
20040605,RURC2L_F,FRYING PAN - RUEDI RES. NR BASALT,0.1,3.0,90.3,623.0,-1134.0,13.67,2017-03-16T17:10:44.826000
20040606,RURC2L_F,FRYING PAN - RUEDI RES. NR BASALT,0.1,2.0,90.3,430.0,-1478.0,11.01,2017-03-16T17:11:28.503000
20040607,RURC2L_F,FRYING PAN - RUEDI RES. NR BASALT,0.1,1.0,90.3,242.0,-1742.0,8.26,2017-03-16T17:12:10.835000
20040608,RURC2L_F,FRYING PAN - RUEDI RES. NR BASALT,0.0,1.0,90.3,121.0,-1508.0,5.78,2017-03-16T17:12:55.853000
20040609,RURC2L_F,FRYING PAN - RUEDI RES. NR BASALT,0.0,0.0,90.3,54.0,-1422.0,3.49,2017-03-16T17:13:40.909000
20040610,RURC2L_F,FRYING PAN - RUEDI RES. NR BASALT,0.0,0.0,90.3,20.0,-1189.0,1.74,2017-03-16T17:14:23.915000
20040611,RURC2L_F,FRYING PAN - RUEDI RES. NR BASALT,0.0,0.0,90.3,12.0,-874.0,0.92,2017-03-16T17:15:07.693000
20040612,RURC2L_F,FRYING PAN - RUEDI RES. NR BASALT,0.0,0.0,90.3,9.0,-614.0,0.92,2017-03-16T17:15:51.150000
20040613,RURC2L_F,FRYING PAN - RUEDI RES. NR BASALT,0.0,0.0,90.3,6.0,-424.0,0.92,2017-03-16T17:16:34.311000
20040614,RURC2L_F,FRYING PAN - RUEDI RES. NR BASALT,0.0,0.0,90.3,0.0,-242.0,0.0,2017-03-16T17:17:17.878000
20040615,RURC2L_F,FRYING PAN - RUEDI RES. NR BASALT,0.0,0.0,90.3,0.0,-121.0,0.0,2017-03-16T17:18:00.977000
20040616,RURC2L_F,FRYING PAN - RUEDI RES. NR BASALT,0.0,0.0,90.3,0.0,-54.0,0.0,2017-03-16T17:18:45.356000
20040617,RURC2L_F,FRYING PAN - RUEDI RES. NR BASALT,0.0,0.0,90.3,0.0,-20.0,0.0,2017-03-16T17:19:28.455000
20040618,RURC2L_F,FRYING PAN - RUEDI RES. NR BASALT,0.0,0.0,90.3,0.0,-12.0,0.0,2017-03-16T17:20:11.522000
20040619,RURC2L_F,FRYING PAN - RUEDI RES. NR BASALT,0.0,0.0,90.3,0.0,-9.0,0.0,2017-03-16T17:20:54.933000
20040620,RURC2L_F,FRYING PAN - RUEDI RES. NR BASALT,0.0,0.0,90.3,0.0,-6.0,0.0,2017-03-16T17:21:37.156000
20040621,RURC2L_F,FRYING PAN - RUEDI RES. NR BASALT,0.0,0.0,90.3,0.0,0.0,0.0,2017-03-16T17:22:19.536000
20040622,RURC2L_F,FRYING PAN - RUEDI RES. NR BASALT,0.0,0.0,90.3,0.0,0.0,0.0,2017-03-16T17:23:03.446000
20040623,RURC2L_F,FRYING PAN - RUEDI RES. NR BASALT,0.0,0.0,90.3,0.0,0.0,0.0,2017-03-16T17:23:47.701000
20040624,RURC2L_F,FRYING PAN - RUEDI RES. NR BASALT,0.0,0.0,90.3,0.0,0.0,0.0,2017-03-16T17:24:31.299000
20040625,RURC2L_F,FRYING PAN - RUEDI RES. NR BASALT,0.0,0.0,90.3,0.0,0.0,0.0,2017-03-16T17:25:15.538000
20040626,RURC2L_F,FRYING PAN - RUEDI RES. NR BASALT,0.0,0.0,90.3,0.0,0.0,0.0,2017-03-16T17:25:58.121000
20040627,RURC2L_F,FRYING PAN - RUEDI RES. NR BASALT,0.0,0.0,90.3,0.0,0.0,0.0,2017-03-16T17:26:41.032000
20040628,RURC2L_F,FRYING PAN - RUEDI RES. NR BASALT,0.0,0.0,90.3,0.0,0.0,0.0,2017-03-16T17:27:24.271000
20040629,RURC2L_F,FRYING PAN - RUEDI RES. NR BASALT,0.0,0.0,90.3,0.0,0.0,0.0,2017-03-16T17:28:07.541000
20040630,RURC2L_F,FRYING PAN - RUEDI RES. NR BASALT,0.0,0.0,90.3,0.0,0.0,0.0,2017-03-16T17:28:51.124000
20040701,RURC2L_F,FRYING PAN - RUEDI RES. NR BASALT,0.0,0.0,90.3,0.0,0.0,0.0,2017-03-16T17:29:34.300000
20040702,RURC2L_F,FRYING PAN - RUEDI RES. NR BASALT,0.0,0.0,90.3,0.0,0.0,0.0,2017-03-16T17:30:17.320000
20040703,RURC2L_F,FRYING PAN - RUEDI RES. NR BASALT,0.0,0.0,90.3,0.0,0.0,0.0,2017-03-16T17:31:00.762000
20040704,RURC2L_F,FRYING PAN - RUEDI RES. NR BASALT,0.0,0.0,90.3,0.0,0.0,0.0,2017-03-16T17:31:43.673000
20040705,RURC2L_F,FRYING PAN - RUEDI RES. NR BASALT,0.0,0.0,90.3,0.0,0.0,0.0,2017-03-16T17:32:27.397000
20040706,RURC2L_F,FRYING PAN - RUEDI RES. NR BASALT,0.0,0.0,90.3,0.0,0.0,0.0,2017-03-16T17:33:10.057000
20040707,RURC2L_F,FRYING PAN - RUEDI RES. NR BASALT,0.0,0.0,90.3,0.0,0.0,0.0,2017-03-16T17:33:52.171000
20040708,RURC2L_F,FRYING PAN - RUEDI RES. NR BASALT,0.0,0.0,90.3,0.0,0.0,0.0,2017-03-16T17:34:35.254000
20040709,RURC2L_F,FRYING PAN - RUEDI RES. NR BASALT,0.0,0.0,90.3,0.0,0.0,0.0,2017-03-16T17:35:19.305000
20040710,RURC2L_F,FRYING PAN - RUEDI RES. NR BASALT,0.0,0.0,90.3,0.0,0.0,0.0,2017-03-16T17:36:01.857000
20040711,RURC2L_F,FRYING PAN - RUEDI RES. NR BASALT,0.0,0.0,90.3,0.0,0.0,0.0,2017-03-16T17:36:45.408000
20040712,RURC2L_F,FRYING PAN - RUEDI RES. NR BASALT,0.0,0.0,90.3,0.0,0.0,0.0,2017-03-16T17:37:29.053000
20040713,RURC2L_F,FRYING PAN - RUEDI RES. NR BASALT,0.0,0.0,90.3,0.0,0.0,0.0,2017-03-16T17:38:12.308000
20040714,RURC2L_F,FRYING PAN - RUEDI RES. NR BASALT,0.0,0.0,90.3,0.0,0.0,0.0,2017-03-16T17:38:54.984000
20040715,RURC2L_F,FRYING PAN - RUEDI RES. NR BASALT,0.0,0.0,90.3,0.0,0.0,0.0,2017-03-16T17:39:37.723000
20040716,RURC2L_F,FRYING PAN - RUEDI RES. NR BASALT,0.0,0.0,90.3,0.0,0.0,0.0,2017-03-16T17:40:20.259000
20040717,RURC2L_F,FRYING PAN - RUEDI RES. NR BASALT,0.0,0.0,90.3,0.0,0.0,0.0,2017-03-16T17:41:01.982000
20040718,RURC2L_F,FRYING PAN - RUEDI RES. NR BASALT,0.0,0.0,90.3,0.0,0.0,0.0,2017-03-16T17:41:43.471000
20040719,RURC2L_F,FRYING PAN - RUEDI RES. NR BASALT,0.0,0.0,90.3,0.0,0.0,0.0,2017-03-16T17:42:25.428000
20040720,RURC2L_F,FRYING PAN - RUEDI RES. NR BASALT,0.0,0.0,90.3,0.0,0.0,0.0,2017-03-16T17:43:07.808000
20040721,RURC2L_F,FRYING PAN - RUEDI RES. NR BASALT,0.0,0.0,90.3,0.0,0.0,0.0,2017-03-16T17:43:50.875000
20040722,RURC2L_F,FRYING PAN - RUEDI RES. NR BASALT,0.0,0.0,90.3,0.0,0.0,0.0,2017-03-16T17:44:32.692000
20040723,RURC2L_F,FRYING PAN - RUEDI RES. NR BASALT,0.0,0.0,90.3,0.0,0.0,0.0,2017-03-16T17:45:17.118000
20040724,RURC2L_F,FRYING PAN - RUEDI RES. NR BASALT,0.0,0.0,90.3,0.0,0.0,0.0,2017-03-16T17:45:59.451000
20040725,RURC2L_F,FRYING PAN - RUEDI RES. NR BASALT,0.0,0.0,90.3,0.0,0.0,0.0,2017-03-16T17:46:41.721000
20040726,RURC2L_F,FRYING PAN - RUEDI RES. NR BASALT,0.0,0.0,90.3,0.0,0.0,0.0,2017-03-16T17:47:25.304000
20040727,RURC2L_F,FRYING PAN - RUEDI RES. NR BASALT,0.0,0.0,90.3,0.0,0.0,0.0,2017-03-16T17:48:08.027000
20040728,RURC2L_F,FRYING PAN - RUEDI RES. NR BASALT,0.0,0.0,90.3,0.0,0.0,0.0,2017-03-16T17:48:51.391000
20040729,RURC2L_F,FRYING PAN - RUEDI RES. NR BASALT,0.0,0.0,90.3,0.0,0.0,0.0,2017-03-16T17:49:33.958000
20040730,RURC2L_F,FRYING PAN - RUEDI RES. NR BASALT,0.0,0.0,90.3,0.0,0.0,0.0,2017-03-16T17:50:15.556000
20040731,RURC2L_F,FRYING PAN - RUEDI RES. NR BASALT,0.0,0.0,90.3,0.0,0.0,0.0,2017-03-16T17:50:57.764000
20040801,RURC2L_F,FRYING PAN - RUEDI RES. NR BASALT,0.0,0.0,90.3,0.0,0.0,0.0,2017-03-16T17:51:40.299000
20040802,RURC2L_F,FRYING PAN - RUEDI RES. NR BASALT,0.0,0.0,90.3,0.0,0.0,0.0,2017-03-16T17:52:22.397000
20040803,RURC2L_F,FRYING PAN - RUEDI RES. NR BASALT,0.0,0.0,90.3,0.0,0.0,0.0,2017-03-16T17:53:04.964000
20040804,RURC2L_F,FRYING PAN - RUEDI RES. NR BASALT,0.0,0.0,90.3,0.0,0.0,0.0,2017-03-16T17:53:47.203000
20040805,RURC2L_F,FRYING PAN - RUEDI RES. NR BASALT,0.0,0.0,90.3,0.0,0.0,0.0,2017-03-16T17:54:30.536000
20040806,RURC2L_F,FRYING PAN - RUEDI RES. NR BASALT,0.0,0.0,90.3,0.0,0.0,0.0,2017-03-16T17:55:13.087000
20040807,RURC2L_F,FRYING PAN - RUEDI RES. NR BASALT,0.0,0.0,90.3,0.0,0.0,0.0,2017-03-16T17:55:56.467000
20040808,RURC2L_F,FRYING PAN - RUEDI RES. NR BASALT,0.0,0.0,90.3,0.0,0.0,0.0,2017-03-16T17:56:39.378000
20040809,RURC2L_F,FRYING PAN - RUEDI RES. NR BASALT,0.0,0.0,90.3,0.0,0.0,0.0,2017-03-16T17:57:21.945000
20040810,RURC2L_F,FRYING PAN - RUEDI RES. NR BASALT,0.0,0.0,90.3,0.0,0.0,0.0,2017-03-16T17:58:03.730000
20040811,RURC2L_F,FRYING PAN - RUEDI RES. NR BASALT,0.0,0.0,90.3,0.0,0.0,0.0,2017-03-16T17:58:45.766000
20040812,RURC2L_F,FRYING PAN - RUEDI RES. NR BASALT,0.0,0.0,90.3,0.0,0.0,0.0,2017-03-16T17:59:28.192000
20040813,RURC2L_F,FRYING PAN - RUEDI RES. NR BASALT,0.0,0.0,90.3,0.0,0.0,0.0,2017-03-16T18:00:09.947000
20040814,RURC2L_F,FRYING PAN - RUEDI RES. NR BASALT,0.0,0.0,90.3,0.0,0.0,0.0,2017-03-16T18:00:52.514000
20040815,RURC2L_F,FRYING PAN - RUEDI RES. NR BASALT,0.0,0.0,90.3,0.0,0.0,0.0,2017-03-16T18:01:34.737000
20040816,RURC2L_F,FRYING PAN - RUEDI RES. NR BASALT,0.0,0.0,90.3,0.0,0.0,0.0,2017-03-16T18:02:18.117000
20040817,RURC2L_F,FRYING PAN - RUEDI RES. NR BASALT,0.0,0.0,90.3,0.0,0.0,0.0,2017-03-16T18:03:00.684000
20040818,RURC2L_F,FRYING PAN - RUEDI RES. NR BASALT,0.0,0.0,90.3,0.0,0.0,0.0,2017-03-16T18:03:43.407000
20040819,RURC2L_F,FRYING PAN - RUEDI RES. NR BASALT,0.0,0.0,90.3,0.0,0.0,0.0,2017-03-16T18:04:25.943000
20040820,RURC2L_F,FRYING PAN - RUEDI RES. NR BASALT,0.0,0.0,90.3,0.0,0.0,0.0,2017-03-16T18:05:08.932000
20040821,RURC2L_F,FRYING PAN - RUEDI RES. NR BASALT,0.0,0.0,90.3,0.0,0.0,0.0,2017-03-16T18:05:54.124000
20040822,RURC2L_F,FRYING PAN - RUEDI RES. NR BASALT,0.0,0.0,90.3,0.0,0.0,0.0,2017-03-16T18:06:37.316000
20040823,RURC2L_F,FRYING PAN - RUEDI RES. NR BASALT,0.0,0.0,90.3,0.0,0.0,0.0,2017-03-16T18:07:20.086000
20040824,RURC2L_F,FRYING PAN - RUEDI RES. NR BASALT,0.0,0.0,90.3,0.0,0.0,0.0,2017-03-16T18:08:02.434000
20040825,RURC2L_F,FRYING PAN - RUEDI RES. NR BASALT,0.0,0.0,90.3,0.0,0.0,0.0,2017-03-16T18:08:45.251000
20040826,RURC2L_F,FRYING PAN - RUEDI RES. NR BASALT,0.0,0.0,90.3,0.0,0.0,0.0,2017-03-16T18:09:27.365000
20040827,RURC2L_F,FRYING PAN - RUEDI RES. NR BASALT,0.0,0.0,90.3,0.0,0.0,0.0,2017-03-16T18:10:08.385000
20040828,RURC2L_F,FRYING PAN - RUEDI RES. NR BASALT,0.0,0.0,90.3,0.0,0.0,0.0,2017-03-16T18:10:50.640000
20040829,RURC2L_F,FRYING PAN - RUEDI RES. NR BASALT,0.0,0.0,90.3,0.0,0.0,0.0,2017-03-16T18:11:32.363000
20040830,RURC2L_F,FRYING PAN - RUEDI RES. NR BASALT,0.0,0.0,90.3,0.0,0.0,0.0,2017-03-16T18:12:14.477000
20040901,RURC2L_F,FRYING PAN - RUEDI RES. NR BASALT,0.0,0.0,90.3,0.0,0.0,0.0,2017-03-16T18:12:57.153000
20040902,RURC2L_F,FRYING PAN - RUEDI RES. NR BASALT,0.0,0.0,90.3,0.0,0.0,0.0,2017-03-16T18:13:39.986000
20040903,RURC2L_F,FRYING PAN - RUEDI RES. NR BASALT,0.0,0.0,90.3,0.0,0.0,0.0,2017-03-16T18:14:22.881000
20040904,RURC2L_F,FRYING PAN - RUEDI RES. NR BASALT,0.0,0.0,90.3,0.0,0.0,0.0,2017-03-16T18:15:06.120000
20040905,RURC2L_F,FRYING PAN - RUEDI RES. NR BASALT,0.0,0.0,90.3,0.0,0.0,0.0,2017-03-16T18:15:48.312000
20040906,RURC2L_F,FRYING PAN - RUEDI RES. NR BASALT,0.0,0.0,90.3,36.0,36.0,13.85,2017-03-16T18:16:30.816000
20040907,RURC2L_F,FRYING PAN - RUEDI RES. NR BASALT,0.0,0.0,90.3,0.0,NULL,0.0,2017-03-16T18:17:13.102000
20040908,RURC2L_F,FRYING PAN - RUEDI RES. NR BASALT,0.0,0.0,90.3,0.0,0.0,0.0,2017-03-16T18:17:55.825000
20040909,RURC2L_F,FRYING PAN - RUEDI RES. NR BASALT,0.0,0.0,90.3,0.0,0.0,0.0,2017-03-16T18:18:37.736000
20040910,RURC2L_F,FRYING PAN - RUEDI RES. NR BASALT,0.0,0.0,90.3,0.0,0.0,0.0,2017-03-16T18:19:20.834000
20040911,RURC2L_F,FRYING PAN - RUEDI RES. NR BASALT,0.0,0.0,90.3,0.0,0.0,0.0,2017-03-16T18:20:03.057000
20040912,RURC2L_F,FRYING PAN - RUEDI RES. NR BASALT,0.0,0.0,90.3,0.0,0.0,0.0,2017-03-16T18:20:45.202000
20040913,RURC2L_F,FRYING PAN - RUEDI RES. NR BASALT,0.0,0.0,90.3,0.0,-36.0,0.0,2017-03-16T18:21:26.878000
20040914,RURC2L_F,FRYING PAN - RUEDI RES. NR BASALT,0.0,0.0,90.3,0.0,0.0,0.0,2017-03-16T18:22:09.680000
20040915,RURC2L_F,FRYING PAN - RUEDI RES. NR BASALT,0.0,0.0,90.3,0.0,0.0,0.0,2017-03-16T18:22:53.122000
20040916,RURC2L_F,FRYING PAN - RUEDI RES. NR BASALT,0.0,0.0,90.3,0.0,0.0,0.0,2017-03-16T18:23:36.502000
20040917,RURC2L_F,FRYING PAN - RUEDI RES. NR BASALT,0.0,0.0,90.3,0.0,0.0,0.0,2017-03-16T18:24:18.772000
20040918,RURC2L_F,FRYING PAN - RUEDI RES. NR BASALT,0.0,0.0,90.3,0.0,0.0,0.0,2017-03-16T18:25:01.839000
20040919,RURC2L_F,FRYING PAN - RUEDI RES. NR BASALT,0.0,0.0,90.3,0.0,0.0,0.0,2017-03-16T18:25:44.359000
20040920,RURC2L_F,FRYING PAN - RUEDI RES. NR BASALT,0.0,0.0,90.3,0.0,0.0,0.0,2017-03-16T18:26:27.817000
20040921,RURC2L_F,FRYING PAN - RUEDI RES. NR BASALT,0.0,0.0,90.3,0.0,0.0,0.0,2017-03-16T18:27:11.321000
20040922,RURC2L_F,FRYING PAN - RUEDI RES. NR BASALT,0.5,14.0,90.3,2622.0,2622.0,100.0,2017-03-16T18:27:54.654000
20040923,RURC2L_F,FRYING PAN - RUEDI RES. NR BASALT,0.6,16.0,90.3,2991.0,2991.0,100.0,2017-03-16T18:28:37.065000
20040924,RURC2L_F,FRYING PAN - RUEDI RES. NR BASALT,0.5,14.0,90.3,2593.0,2593.0,100.0,2017-03-16T18:29:19.679000
20040925,RURC2L_F,FRYING PAN - RUEDI RES. NR BASALT,0.3,9.0,90.3,1614.0,1614.0,89.36,2017-03-16T18:30:02.918000
20040926,RURC2L_F,FRYING PAN - RUEDI RES. NR BASALT,0.1,2.0,90.3,423.0,423.0,41.74,2017-03-16T18:30:44.500000
20040928,RURC2L_F,FRYING PAN - RUEDI RES. NR BASALT,0.0,0.0,90.3,87.0,87.0,6.7,2017-03-16T18:31:26.661000
20040929,RURC2L_F,FRYING PAN - RUEDI RES. NR BASALT,0.0,0.0,90.3,68.0,-2554.0,5.5,2017-03-16T18:32:09.134000
20040930,RURC2L_F,FRYING PAN - RUEDI RES. NR BASALT,0.0,0.0,90.3,65.0,-2926.0,5.05,2017-03-16T18:32:50.826000
20041001,RURC2L_F,FRYING PAN - RUEDI RES. NR BASALT,0.0,1.0,90.3,124.0,-2469.0,10.09,2017-03-16T18:33:33.206000
20041002,RURC2L_F,FRYING PAN - RUEDI RES. NR BASALT,0.0,1.0,90.3,226.0,-1388.0,18.62,2017-03-16T18:34:15.647000
20041003,RURC2L_F,FRYING PAN - RUEDI RES. NR BASALT,0.1,2.0,90.3,298.0,-125.0,50.18,2017-03-16T18:34:57.433000
20041004,RURC2L_F,FRYING PAN - RUEDI RES. NR BASALT,0.0,1.0,90.3,207.0,NULL,10.0,2017-03-16T18:35:39.844000
20041005,RURC2L_F,FRYING PAN - RUEDI RES. NR BASALT,0.0,1.0,90.3,206.0,119.0,8.99,2017-03-16T18:36:21.598000
20041006,RURC2L_F,FRYING PAN - RUEDI RES. NR BASALT,0.0,1.0,90.3,234.0,166.0,9.27,2017-03-16T18:37:05.525000
20041007,RURC2L_F,FRYING PAN - RUEDI RES. NR BASALT,0.1,2.0,90.3,327.0,262.0,17.52,2017-03-16T18:37:49.045000
20041008,RURC2L_F,FRYING PAN - RUEDI RES. NR BASALT,0.1,2.0,90.3,285.0,161.0,10.28,2017-03-16T18:38:30.721000
20041009,RURC2L_F,FRYING PAN - RUEDI RES. NR BASALT,0.1,1.0,90.3,269.0,43.0,9.36,2017-03-16T18:39:12.882000
20041010,RURC2L_F,FRYING PAN - RUEDI RES. NR BASALT,0.0,1.0,90.3,236.0,-62.0,8.81,2017-03-16T18:39:55.386000
20041011,RURC2L_F,FRYING PAN - RUEDI RES. NR BASALT,0.0,1.0,90.3,209.0,2.0,8.44,2017-03-16T18:40:38.641000
20041012,RURC2L_F,FRYING PAN - RUEDI RES. NR BASALT,0.0,1.0,90.3,206.0,0.0,8.35,2017-03-16T18:41:20.958000
20041013,RURC2L_F,FRYING PAN - RUEDI RES. NR BASALT,0.0,1.0,90.3,205.0,-29.0,8.07,2017-03-16T18:42:03.040000
20041014,RURC2L_F,FRYING PAN - RUEDI RES. NR BASALT,0.3,7.0,90.3,1265.0,938.0,100.0,2017-03-16T18:42:45.076000
20041015,RURC2L_F,FRYING PAN - RUEDI RES. NR BASALT,0.1,4.0,90.3,686.0,401.0,66.61,2017-03-16T18:43:28.518000
20041016,RURC2L_F,FRYING PAN - RUEDI RES. NR BASALT,0.1,2.0,90.3,374.0,105.0,35.14,2017-03-16T18:44:11.914000
20041017,RURC2L_F,FRYING PAN - RUEDI RES. NR BASALT,0.0,1.0,90.3,195.0,-41.0,9.08,2017-03-16T18:44:54.918000
20041018,RURC2L_F,FRYING PAN - RUEDI RES. NR BASALT,0.0,1.0,90.3,180.0,-29.0,8.53,2017-03-16T18:45:38.673000
20041019,RURC2L_F,FRYING PAN - RUEDI RES. NR BASALT,0.2,5.0,90.3,898.0,692.0,86.42,2017-03-16T18:46:22.974000
20041020,RURC2L_F,FRYING PAN - RUEDI RES. NR BASALT,0.2,5.0,90.3,1017.0,812.0,72.48,2017-03-16T18:47:08.761000
20041021,RURC2L_F,FRYING PAN - RUEDI RES. NR BASALT,0.1,2.0,90.3,421.0,-844.0,34.86,2017-03-16T18:47:53.359000
20041022,RURC2L_F,FRYING PAN - RUEDI RES. NR BASALT,0.0,1.0,90.3,234.0,-452.0,13.94,2017-03-16T18:48:37.739000
20041023,RURC2L_F,FRYING PAN - RUEDI RES. NR BASALT,0.2,5.0,90.3,1016.0,642.0,100.0,2017-03-16T18:49:22.931000
20041024,RURC2L_F,FRYING PAN - RUEDI RES. NR BASALT,0.2,4.0,90.3,850.0,655.0,98.72,2017-03-16T18:50:08.389000
20041025,RURC2L_F,FRYING PAN - RUEDI RES. NR BASALT,0.2,4.0,90.3,749.0,569.0,86.97,2017-03-16T18:50:52.737000
20041026,RURC2L_F,FRYING PAN - RUEDI RES. NR BASALT,0.1,4.0,90.3,704.0,-194.0,77.43,2017-03-16T18:51:36.726000
20041027,RURC2L_F,FRYING PAN - RUEDI RES. NR BASALT,0.1,3.0,90.3,478.0,-539.0,53.67,2017-03-16T18:52:21.528000
20041028,RURC2L_F,FRYING PAN - RUEDI RES. NR BASALT,0.1,1.0,90.3,245.0,-176.0,14.86,2017-03-16T18:53:06.658000
20041029,RURC2L_F,FRYING PAN - RUEDI RES. NR BASALT,0.2,5.0,90.3,914.0,680.0,100.0,2017-03-16T18:53:52.975000
20041030,RURC2L_F,FRYING PAN - RUEDI RES. NR BASALT,0.3,9.0,90.3,1632.0,616.0,100.0,2017-03-16T18:54:38.136000
20041031,RURC2L_F,FRYING PAN - RUEDI RES. NR BASALT,0.3,8.0,90.3,1563.0,713.0,100.0,2017-03-16T18:55:23.422000
20041101,RURC2L_F,FRYING PAN - RUEDI RES. NR BASALT,0.6,15.0,90.3,2789.0,2040.0,100.0,2017-03-16T18:56:07.974000
20041102,RURC2L_F,FRYING PAN - RUEDI RES. NR BASALT,0.6,16.0,90.3,3048.0,2344.0,100.0,2017-03-16T18:56:54.604000
20041103,RURC2L_F,FRYING PAN - RUEDI RES. NR BASALT,0.6,16.0,90.3,2992.0,2514.0,100.0,2017-03-16T18:57:40.624000
20041104,RURC2L_F,FRYING PAN - RUEDI RES. NR BASALT,0.6,15.0,90.3,2909.0,2664.0,100.0,2017-03-16T18:58:27.207000
20041105,RURC2L_F,FRYING PAN - RUEDI RES. NR BASALT,0.6,15.0,90.3,2769.0,1855.0,100.0,2017-03-16T18:59:12.431000
20041106,RURC2L_F,FRYING PAN - RUEDI RES. NR BASALT,0.5,14.0,90.3,2596.0,964.0,100.0,2017-03-16T18:59:56.545000
20041107,RURC2L_F,FRYING PAN - RUEDI RES. NR BASALT,0.5,13.0,90.3,2454.0,891.0,100.0,2017-03-16T19:00:40.034000
20041108,RURC2L_F,FRYING PAN - RUEDI RES. NR BASALT,0.5,12.0,90.3,2345.0,-444.0,100.0,2017-03-16T19:01:24.085000
20041109,RURC2L_F,FRYING PAN - RUEDI RES. NR BASALT,0.4,10.0,90.3,1865.0,-1183.0,93.76,2017-03-16T19:02:08.012000
20041110,RURC2L_F,FRYING PAN - RUEDI RES. NR BASALT,0.4,11.0,90.3,1996.0,-996.0,100.0,2017-03-16T19:02:51.985000
20041111,RURC2L_F,FRYING PAN - RUEDI RES. NR BASALT,0.5,14.0,90.3,2647.0,-262.0,99.91,2017-03-16T19:03:36.333000
20041112,RURC2L_F,FRYING PAN - RUEDI RES. NR BASALT,0.6,14.0,90.3,2654.0,-115.0,99.27,2017-03-16T19:04:20.025000
20041113,RURC2L_F,FRYING PAN - RUEDI RES. NR BASALT,0.5,13.0,90.3,2549.0,-47.0,98.17,2017-03-16T19:05:04.905000
20041114,RURC2L_F,FRYING PAN - RUEDI RES. NR BASALT,0.5,13.0,90.3,2499.0,45.0,97.71,2017-03-16T19:05:49.207000
20041115,RURC2L_F,FRYING PAN - RUEDI RES. NR BASALT,0.6,16.0,90.3,2964.0,619.0,100.0,2017-03-16T19:06:33.946000
20041116,RURC2L_F,FRYING PAN - RUEDI RES. NR BASALT,0.6,15.0,90.3,2903.0,1038.0,99.27,2017-03-16T19:07:19.122000
20041117,RURC2L_F,FRYING PAN - RUEDI RES. NR BASALT,0.6,15.0,90.3,2841.0,845.0,98.44,2017-03-16T19:08:04.174000
20041118,RURC2L_F,FRYING PAN - RUEDI RES. NR BASALT,0.6,15.0,90.3,2809.0,162.0,98.07,2017-03-16T19:08:47.319000
20041119,RURC2L_F,FRYING PAN - RUEDI RES. NR BASALT,0.6,15.0,90.3,2799.0,145.0,96.79,2017-03-16T19:09:31.637000
20041120,RURC2L_F,FRYING PAN - RUEDI RES. NR BASALT,0.6,15.0,90.3,2879.0,330.0,96.88,2017-03-16T19:10:15.719000
20041121,RURC2L_F,FRYING PAN - RUEDI RES. NR BASALT,0.8,20.0,90.3,3737.0,1238.0,100.0,2017-03-16T19:11:01.052000
20041122,RURC2L_F,FRYING PAN - RUEDI RES. NR BASALT,0.8,21.0,90.3,4010.0,1046.0,100.0,2017-03-16T19:11:46.792000
20041123,RURC2L_F,FRYING PAN - RUEDI RES. NR BASALT,0.8,21.0,90.3,4000.0,1097.0,100.0,2017-03-16T19:12:32.609000
20041124,RURC2L_F,FRYING PAN - RUEDI RES. NR BASALT,0.9,22.0,90.3,4125.0,1284.0,100.0,2017-03-16T19:13:18.473000
20041125,RURC2L_F,FRYING PAN - RUEDI RES. NR BASALT,0.8,21.0,90.3,4072.0,1263.0,100.0,2017-03-16T19:14:06.072000
20041126,RURC2L_F,FRYING PAN - RUEDI RES. NR BASALT,0.8,21.0,90.3,4060.0,1261.0,100.0,2017-03-16T19:14:53.717000
20041127,RURC2L_F,FRYING PAN - RUEDI RES. NR BASALT,1.2,30.0,90.3,5727.0,2848.0,100.0,2017-03-16T19:15:41.285000
20041128,RURC2L_F,FRYING PAN - RUEDI RES. NR BASALT,1.5,38.0,90.3,7156.0,3419.0,100.0,2017-03-16T19:16:29.290000
20041129,RURC2L_F,FRYING PAN - RUEDI RES. NR BASALT,1.8,46.0,90.3,8744.0,4734.0,100.0,2017-03-16T19:17:17.264000
20041130,RURC2L_F,FRYING PAN - RUEDI RES. NR BASALT,2.6,65.0,90.3,12306.0,8306.0,100.0,2017-03-16T19:18:06.253000
20041201,RURC2L_F,FRYING PAN - RUEDI RES. NR BASALT,2.5,65.0,90.3,12276.0,8151.0,100.0,2017-03-16T19:18:55.352000
20041202,RURC2L_F,FRYING PAN - RUEDI RES. NR BASALT,2.5,65.0,90.3,12249.0,8177.0,100.0,2017-03-16T19:19:44.873000
20041203,RURC2L_F,FRYING PAN - RUEDI RES. NR BASALT,2.5,64.0,90.3,12204.0,8144.0,100.0,2017-03-16T19:20:33.660000
20041204,RURC2L_F,FRYING PAN - RUEDI RES. NR BASALT,2.5,64.0,90.3,12147.0,6420.0,100.0,2017-03-16T19:21:22.009000
20041205,RURC2L_F,FRYING PAN - RUEDI RES. NR BASALT,2.5,64.0,90.3,12056.0,4900.0,100.0,2017-03-16T19:22:10.201000
20041206,RURC2L_F,FRYING PAN - RUEDI RES. NR BASALT,2.5,65.0,90.3,12252.0,3508.0,100.0,2017-03-16T19:22:58.784000
20041207,RURC2L_F,FRYING PAN - RUEDI RES. NR BASALT,2.6,66.0,90.3,12567.0,261.0,100.0,2017-03-16T19:23:48.336000
20041208,RURC2L_F,FRYING PAN - RUEDI RES. NR BASALT,2.6,66.0,90.3,12476.0,200.0,100.0,2017-03-16T19:24:40.170000
20041209,RURC2L_F,FRYING PAN - RUEDI RES. NR BASALT,2.8,70.0,90.3,13294.0,1045.0,100.0,2017-03-16T19:25:31.160000
20041210,RURC2L_F,FRYING PAN - RUEDI RES. NR BASALT,3.0,77.0,90.3,14549.0,2345.0,100.0,2017-03-16T19:26:21.321000
20041211,RURC2L_F,FRYING PAN - RUEDI RES. NR BASALT,3.1,80.0,90.3,15133.0,2986.0,100.0,2017-03-16T19:27:09.967000
20041212,RURC2L_F,FRYING PAN - RUEDI RES. NR BASALT,3.1,79.0,90.3,14986.0,2930.0,100.0,2017-03-16T19:27:58.597000
20041213,RURC2L_F,FRYING PAN - RUEDI RES. NR BASALT,3.1,78.0,90.3,14843.0,2591.0,100.0,2017-03-16T19:28:46.602000
20041214,RURC2L_F,FRYING PAN - RUEDI RES. NR BASALT,3.1,80.0,90.3,15136.0,2569.0,100.0,2017-03-16T19:29:34.576000
20041215,RURC2L_F,FRYING PAN - RUEDI RES. NR BASALT,3.1,79.0,90.3,15062.0,2586.0,100.0,2017-03-16T19:30:22.488000
20041216,RURC2L_F,FRYING PAN - RUEDI RES. NR BASALT,3.0,77.0,90.3,14667.0,1373.0,100.0,2017-03-16T19:31:09.633000
20041217,RURC2L_F,FRYING PAN - RUEDI RES. NR BASALT,3.0,77.0,90.3,14639.0,90.0,100.0,2017-03-16T19:31:56.841000
20041218,RURC2L_F,FRYING PAN - RUEDI RES. NR BASALT,3.0,77.0,90.3,14569.0,-564.0,100.0,2017-03-16T19:32:43.909000
20041219,RURC2L_F,FRYING PAN - RUEDI RES. NR BASALT,3.0,77.0,90.3,14518.0,-468.0,100.0,2017-03-16T19:33:30.945000
20041220,RURC2L_F,FRYING PAN - RUEDI RES. NR BASALT,3.0,76.0,90.3,14413.0,-430.0,100.0,2017-03-16T19:34:18.903000
20041221,RURC2L_F,FRYING PAN - RUEDI RES. NR BASALT,3.0,75.0,90.3,14241.0,-895.0,100.0,2017-03-16T19:35:07.502000
20041222,RURC2L_F,FRYING PAN - RUEDI RES. NR BASALT,2.9,75.0,90.3,14169.0,-893.0,100.0,2017-03-16T19:35:57.007000
20041223,RURC2L_F,FRYING PAN - RUEDI RES. NR BASALT,3.0,76.0,90.3,14409.0,-258.0,100.0,2017-03-16T19:36:47.935000
20041224,RURC2L_F,FRYING PAN - RUEDI RES. NR BASALT,3.2,81.0,90.3,15310.0,671.0,100.0,2017-03-16T19:37:38.752000
20041225,RURC2L_F,FRYING PAN - RUEDI RES. NR BASALT,3.2,81.0,90.3,15289.0,720.0,100.0,2017-03-16T19:38:28.820000
20041226,RURC2L_F,FRYING PAN - RUEDI RES. NR BASALT,3.2,80.0,90.3,15202.0,684.0,100.0,2017-03-16T19:39:20.185000
20041227,RURC2L_F,FRYING PAN - RUEDI RES. NR BASALT,3.1,79.0,90.3,15017.0,604.0,100.0,2017-03-16T19:40:12.659000
20041228,RURC2L_F,FRYING PAN - RUEDI RES. NR BASALT,3.1,79.0,90.3,14882.0,641.0,100.0,2017-03-16T19:41:03.508000
20041229,RURC2L_F,FRYING PAN - RUEDI RES. NR BASALT,3.1,78.0,90.3,14762.0,593.0,100.0,2017-03-16T19:41:54.779000
20041230,RURC2L_F,FRYING PAN - RUEDI RES. NR BASALT,3.5,90.0,90.3,17065.0,2656.0,100.0,2017-03-16T19:42:46.191000
20041231,RURC2L_F,FRYING PAN - RUEDI RES. NR BASALT,4.2,106.0,90.3,20062.0,4752.0,100.0,2017-03-16T19:43:37.493000
20050101,RURC2L_F,FRYING PAN - RUEDI RES. NR BASALT,4.1,105.0,90.3,19841.0,4552.0,100.0,2017-03-16T19:44:27.233000
20050102,RURC2L_F,FRYING PAN - RUEDI RES. NR BASALT,4.2,107.0,90.3,20224.0,5022.0,100.0,2017-03-16T19:45:16.129000
20050103,RURC2L_F,FRYING PAN - RUEDI RES. NR BASALT,4.2,106.0,90.3,20130.0,5113.0,100.0,2017-03-16T19:46:08.165000
20050104,RURC2L_F,FRYING PAN - RUEDI RES. NR BASALT,4.2,106.0,90.3,20086.0,5204.0,100.0,2017-03-16T19:46:58.874000
20050105,RURC2L_F,FRYING PAN - RUEDI RES. NR BASALT,4.5,115.0,90.3,21793.0,7031.0,100.0,2017-03-16T19:47:51.020000
20050106,RURC2L_F,FRYING PAN - RUEDI RES. NR BASALT,4.8,123.0,90.3,23261.0,6196.0,100.0,2017-03-16T19:48:44.135000
20050107,RURC2L_F,FRYING PAN - RUEDI RES. NR BASALT,5.0,127.0,90.3,24013.0,3951.0,100.0,2017-03-16T19:49:37.906000
20050108,RURC2L_F,FRYING PAN - RUEDI RES. NR BASALT,5.0,128.0,90.3,24230.0,4389.0,100.0,2017-03-16T19:50:34.459000
20050109,RURC2L_F,FRYING PAN - RUEDI RES. NR BASALT,5.4,138.0,90.3,26182.0,5958.0,100.0,2017-03-16T19:51:31.121000
20050110,RURC2L_F,FRYING PAN - RUEDI RES. NR BASALT,6.2,157.0,90.3,29849.0,9719.0,100.0,2017-03-16T19:52:27.268000
20050111,RURC2L_F,FRYING PAN - RUEDI RES. NR BASALT,5.8,146.0,90.3,27740.0,7654.0,100.0,2017-03-16T19:53:21.102000
20050112,RURC2L_F,FRYING PAN - RUEDI RES. NR BASALT,6.1,154.0,90.3,29274.0,7481.0,100.0,2017-03-16T19:54:16.014000
20050113,RURC2L_F,FRYING PAN - RUEDI RES. NR BASALT,6.4,162.0,90.3,30767.0,7506.0,100.0,2017-03-16T19:55:11.191000
20050114,RURC2L_F,FRYING PAN - RUEDI RES. NR BASALT,6.4,162.0,90.3,30703.0,6690.0,100.0,2017-03-16T19:56:05.713000
20050115,RURC2L_F,FRYING PAN - RUEDI RES. NR BASALT,6.4,161.0,90.3,30589.0,6359.0,100.0,2017-03-16T19:56:59.359000
20050116,RURC2L_F,FRYING PAN - RUEDI RES. NR BASALT,6.3,161.0,90.3,30467.0,4285.0,100.0,2017-03-16T19:57:53.177000
20050117,RURC2L_F,FRYING PAN - RUEDI RES. NR BASALT,6.3,160.0,90.3,30395.0,546.0,100.0,2017-03-16T19:58:46.276000
20050118,RURC2L_F,FRYING PAN - RUEDI RES. NR BASALT,6.6,167.0,90.3,31576.0,3836.0,100.0,2017-03-16T19:59:40.376000
20050119,RURC2L_F,FRYING PAN - RUEDI RES. NR BASALT,6.5,166.0,90.3,31501.0,2227.0,100.0,2017-03-16T20:00:35.851000
20050120,RURC2L_F,FRYING PAN - RUEDI RES. NR BASALT,6.5,166.0,90.3,31439.0,672.0,100.0,2017-03-16T20:01:28.153000
20050121,RURC2L_F,FRYING PAN - RUEDI RES. NR BASALT,6.5,165.0,90.3,31335.0,632.0,100.0,2017-03-16T20:02:19.955000
20050122,RURC2L_F,FRYING PAN - RUEDI RES. NR BASALT,6.5,165.0,90.3,31188.0,599.0,100.0,2017-03-16T20:03:12.836000
20050123,RURC2L_F,FRYING PAN - RUEDI RES. NR BASALT,6.5,164.0,90.3,31120.0,653.0,100.0,2017-03-16T20:04:05.669000
20050124,RURC2L_F,FRYING PAN - RUEDI RES. NR BASALT,6.4,164.0,90.3,31049.0,654.0,100.0,2017-03-16T20:04:56.894000
20050125,RURC2L_F,FRYING PAN - RUEDI RES. NR BASALT,6.4,163.0,90.3,30958.0,-618.0,100.0,2017-03-16T20:05:51.446000
20050126,RURC2L_F,FRYING PAN - RUEDI RES. NR BASALT,6.4,163.0,90.3,30856.0,-645.0,100.0,2017-03-16T20:07:43.145000
20050127,RURC2L_F,FRYING PAN - RUEDI RES. NR BASALT,6.4,162.0,90.3,30781.0,-658.0,100.0,2017-03-16T20:09:27.078000
20050128,RURC2L_F,FRYING PAN - RUEDI RES. NR BASALT,6.4,163.0,90.3,30973.0,-362.0,100.0,2017-03-16T20:11:12.949000
20050129,RURC2L_F,FRYING PAN - RUEDI RES. NR BASALT,6.5,165.0,90.3,31269.0,81.0,100.0,2017-03-16T20:13:02.898000
20050130,RURC2L_F,FRYING PAN - RUEDI RES. NR BASALT,6.6,166.0,90.3,31538.0,418.0,100.0,2017-03-16T20:14:52.003000
20050131,RURC2L_F,FRYING PAN - RUEDI RES. NR BASALT,6.6,167.0,90.3,31595.0,546.0,100.0,2017-03-16T20:16:42.140000
20050201,RURC2L_F,FRYING PAN - RUEDI RES. NR BASALT,7.6,193.0,90.3,36502.0,5544.0,100.0,2017-03-16T20:18:29.948000
20050202,RURC2L_F,FRYING PAN - RUEDI RES. NR BASALT,7.6,193.0,90.3,36512.0,5656.0,100.0,2017-03-16T20:20:17.131000
20050203,RURC2L_F,FRYING PAN - RUEDI RES. NR BASALT,7.6,192.0,90.3,36445.0,5664.0,100.0,2017-03-16T20:22:03.893000
20050204,RURC2L_F,FRYING PAN - RUEDI RES. NR BASALT,7.6,192.0,90.3,36404.0,5431.0,100.0,2017-03-16T20:23:49.857000
20050205,RURC2L_F,FRYING PAN - RUEDI RES. NR BASALT,7.7,195.0,90.3,36946.0,5677.0,100.0,2017-03-16T20:25:35.540000
20050206,RURC2L_F,FRYING PAN - RUEDI RES. NR BASALT,7.6,194.0,90.3,36809.0,5271.0,100.0,2017-03-16T20:27:20.426000
20050207,RURC2L_F,FRYING PAN - RUEDI RES. NR BASALT,7.6,194.0,90.3,36720.0,5125.0,100.0,2017-03-16T20:29:03.890000
20050208,RURC2L_F,FRYING PAN - RUEDI RES. NR BASALT,7.7,196.0,90.3,37180.0,678.0,100.0,2017-03-16T20:30:51.089000
20050209,RURC2L_F,FRYING PAN - RUEDI RES. NR BASALT,7.8,197.0,90.3,37350.0,838.0,100.0,2017-03-16T20:32:37.147000
20050210,RURC2L_F,FRYING PAN - RUEDI RES. NR BASALT,7.7,197.0,90.3,37276.0,831.0,100.0,2017-03-16T20:34:23.502000
20050211,RURC2L_F,FRYING PAN - RUEDI RES. NR BASALT,7.9,201.0,90.3,38163.0,1759.0,100.0,2017-03-16T20:36:11.779000
20050212,RURC2L_F,FRYING PAN - RUEDI RES. NR BASALT,7.9,201.0,90.3,38034.0,1088.0,100.0,2017-03-16T20:38:00.369000
20050213,RURC2L_F,FRYING PAN - RUEDI RES. NR BASALT,8.2,207.0,90.3,39254.0,2445.0,100.0,2017-03-16T20:39:51.146000
20050214,RURC2L_F,FRYING PAN - RUEDI RES. NR BASALT,8.3,210.0,90.3,39855.0,3135.0,100.0,2017-03-16T20:41:00.997000
20050215,RURC2L_F,FRYING PAN - RUEDI RES. NR BASALT,7.7,196.0,90.3,37092.0,-88.0,100.0,2017-03-16T20:41:52.675000
20050216,RURC2L_F,FRYING PAN - RUEDI RES. NR BASALT,8.1,205.0,90.3,38905.0,1555.0,100.0,2017-03-16T20:42:42.571000
20050217,RURC2L_F,FRYING PAN - RUEDI RES. NR BASALT,8.5,215.0,90.3,40698.0,3422.0,100.0,2017-03-16T20:43:33.842000
20050218,RURC2L_F,FRYING PAN - RUEDI RES. NR BASALT,8.4,214.0,90.3,40640.0,2477.0,100.0,2017-03-16T20:44:23.706000
20050219,RURC2L_F,FRYING PAN - RUEDI RES. NR BASALT,8.5,216.0,90.3,40852.0,2818.0,100.0,2017-03-16T20:45:13.805000
20050220,RURC2L_F,FRYING PAN - RUEDI RES. NR BASALT,8.9,227.0,90.3,43062.0,3808.0,100.0,2017-03-16T20:46:05.389000
20050221,RURC2L_F,FRYING PAN - RUEDI RES. NR BASALT,9.0,229.0,90.3,43399.0,3544.0,100.0,2017-03-16T20:46:59.066000
20050222,RURC2L_F,FRYING PAN - RUEDI RES. NR BASALT,9.1,231.0,90.3,43698.0,6606.0,100.0,2017-03-16T20:47:51.056000
20050223,RURC2L_F,FRYING PAN - RUEDI RES. NR BASALT,9.2,234.0,90.3,44339.0,5434.0,100.0,2017-03-16T20:48:42.124000
20050224,RURC2L_F,FRYING PAN - RUEDI RES. NR BASALT,9.3,236.0,90.3,44689.0,3991.0,100.0,2017-03-16T20:49:33.364000
20050225,RURC2L_F,FRYING PAN - RUEDI RES. NR BASALT,9.3,236.0,90.3,44654.0,4014.0,100.0,2017-03-16T20:50:25.744000
20050226,RURC2L_F,FRYING PAN - RUEDI RES. NR BASALT,9.4,238.0,90.3,45047.0,4195.0,100.0,2017-03-16T20:51:16.969000
20050227,RURC2L_F,FRYING PAN - RUEDI RES. NR BASALT,9.9,251.0,90.3,47485.0,4423.0,100.0,2017-03-16T20:52:08.802000
20050228,RURC2L_F,FRYING PAN - RUEDI RES. NR BASALT,9.9,251.0,90.3,47498.0,4099.0,100.0,2017-03-16T20:53:01.058000
20050301,RURC2L_F,FRYING PAN - RUEDI RES. NR BASALT,9.9,250.0,90.3,47445.0,3747.0,100.0,2017-03-16T20:53:52.938000
20050302,RURC2L_F,FRYING PAN - RUEDI RES. NR BASALT,9.9,251.0,90.3,47581.0,3242.0,100.0,2017-03-16T20:54:44.350000
20050303,RURC2L_F,FRYING PAN - RUEDI RES. NR BASALT,9.9,251.0,90.3,47580.0,2891.0,100.0,2017-03-16T20:55:35.996000
20050304,RURC2L_F,FRYING PAN - RUEDI RES. NR BASALT,9.4,239.0,90.3,45362.0,708.0,100.0,2017-03-16T20:56:26.548000
20050305,RURC2L_F,FRYING PAN - RUEDI RES. NR BASALT,9.4,239.0,90.3,45303.0,256.0,100.0,2017-03-16T20:57:17.460000
20050306,RURC2L_F,FRYING PAN - RUEDI RES. NR BASALT,9.4,239.0,90.3,45238.0,-2247.0,100.0,2017-03-16T20:58:08.824000
20050307,RURC2L_F,FRYING PAN - RUEDI RES. NR BASALT,9.4,239.0,90.3,45213.0,-2285.0,100.0,2017-03-16T20:58:59.564000
20050308,RURC2L_F,FRYING PAN - RUEDI RES. NR BASALT,9.4,238.0,90.3,45146.0,-2299.0,100.0,2017-03-16T20:59:48.632000
20050309,RURC2L_F,FRYING PAN - RUEDI RES. NR BASALT,9.5,240.0,90.3,45514.0,-2067.0,100.0,2017-03-16T21:00:38.418000
20050310,RURC2L_F,FRYING PAN - RUEDI RES. NR BASALT,9.4,240.0,90.3,45443.0,-2137.0,100.0,2017-03-16T21:01:27.455000
20050311,RURC2L_F,FRYING PAN - RUEDI RES. NR BASALT,9.4,239.0,90.3,45350.0,-12.0,100.0,2017-03-16T21:02:16.850000
20050312,RURC2L_F,FRYING PAN - RUEDI RES. NR BASALT,9.4,239.0,90.3,45256.0,-47.0,100.0,2017-03-16T21:03:05.778000
20050313,RURC2L_F,FRYING PAN - RUEDI RES. NR BASALT,9.4,238.0,90.3,45068.0,-170.0,100.0,2017-03-16T21:03:55.455000
20050314,RURC2L_F,FRYING PAN - RUEDI RES. NR BASALT,9.4,238.0,90.3,45083.0,-130.0,100.0,2017-03-16T21:04:44.257000
20050315,RURC2L_F,FRYING PAN - RUEDI RES. NR BASALT,9.5,241.0,90.3,45727.0,581.0,100.0,2017-03-16T21:05:33.903000
20050316,RURC2L_F,FRYING PAN - RUEDI RES. NR BASALT,9.5,241.0,90.3,45719.0,205.0,100.0,2017-03-16T21:06:23.939000
20050317,RURC2L_F,FRYING PAN - RUEDI RES. NR BASALT,9.5,241.0,90.3,45715.0,272.0,100.0,2017-03-16T21:07:15.210000
20050318,RURC2L_F,FRYING PAN - RUEDI RES. NR BASALT,9.6,245.0,90.3,46383.0,1033.0,100.0,2017-03-16T21:08:06.637000
20050319,RURC2L_F,FRYING PAN - RUEDI RES. NR BASALT,9.6,245.0,90.3,46379.0,1123.0,100.0,2017-03-16T21:08:56.893000
20050320,RURC2L_F,FRYING PAN - RUEDI RES. NR BASALT,9.7,246.0,90.3,46579.0,1511.0,100.0,2017-03-16T21:09:48.492000
20050321,RURC2L_F,FRYING PAN - RUEDI RES. NR BASALT,9.9,252.0,90.3,47749.0,2666.0,100.0,2017-03-16T21:10:39.685000
20050322,RURC2L_F,FRYING PAN - RUEDI RES. NR BASALT,10.1,257.0,90.3,48670.0,2943.0,100.0,2017-03-16T21:11:32.191000
20050323,RURC2L_F,FRYING PAN - RUEDI RES. NR BASALT,10.1,257.0,90.3,48713.0,2994.0,100.0,2017-03-16T21:12:24.977000
20050324,RURC2L_F,FRYING PAN - RUEDI RES. NR BASALT,10.2,258.0,90.3,48901.0,3186.0,100.0,2017-03-16T21:13:19.452000
20050325,RURC2L_F,FRYING PAN - RUEDI RES. NR BASALT,10.3,262.0,90.3,49659.0,3276.0,100.0,2017-03-16T21:14:13.348000
20050326,RURC2L_F,FRYING PAN - RUEDI RES. NR BASALT,10.5,266.0,90.3,50498.0,4119.0,100.0,2017-03-16T21:15:06.510000
20050327,RURC2L_F,FRYING PAN - RUEDI RES. NR BASALT,11.0,280.0,90.3,53068.0,6489.0,100.0,2017-03-16T21:16:00.140000
20050328,RURC2L_F,FRYING PAN - RUEDI RES. NR BASALT,11.0,279.0,90.3,52980.0,5231.0,100.0,2017-03-16T21:16:52.724000
20050329,RURC2L_F,FRYING PAN - RUEDI RES. NR BASALT,10.9,278.0,90.3,52649.0,3979.0,100.0,2017-03-16T21:17:43.401000
20050330,RURC2L_F,FRYING PAN - RUEDI RES. NR BASALT,10.9,276.0,90.3,52287.0,3574.0,100.0,2017-03-16T21:18:34.469000
20050331,RURC2L_F,FRYING PAN - RUEDI RES. NR BASALT,11.1,283.0,90.3,53563.0,4662.0,100.0,2017-03-16T21:19:23.834000
20050401,RURC2L_F,FRYING PAN - RUEDI RES. NR BASALT,11.2,285.0,90.3,54056.0,4397.0,100.0,2017-03-16T21:20:14.120000
20050402,RURC2L_F,FRYING PAN - RUEDI RES. NR BASALT,11.2,285.0,90.3,53955.0,3457.0,100.0,2017-03-16T21:21:02.813000
20050403,RURC2L_F,FRYING PAN - RUEDI RES. NR BASALT,11.1,283.0,90.3,53681.0,613.0,100.0,2017-03-16T21:21:51.271000
20050404,RURC2L_F,FRYING PAN - RUEDI RES. NR BASALT,11.0,279.0,90.3,52903.0,-77.0,100.0,2017-03-16T21:22:40.136000
20050405,RURC2L_F,FRYING PAN - RUEDI RES. NR BASALT,10.9,276.0,90.3,52250.0,-399.0,100.0,2017-03-16T21:23:29.219000
20050406,RURC2L_F,FRYING PAN - RUEDI RES. NR BASALT,10.9,278.0,90.3,52691.0,404.0,100.0,2017-03-16T21:24:16.068000
20050407,RURC2L_F,FRYING PAN - RUEDI RES. NR BASALT,10.8,275.0,90.3,52086.0,-1477.0,100.0,2017-03-16T21:25:02.760000
20050408,RURC2L_F,FRYING PAN - RUEDI RES. NR BASALT,10.5,267.0,90.3,50618.0,-3438.0,99.63,2017-03-16T21:25:49.890000
20050409,RURC2L_F,FRYING PAN - RUEDI RES. NR BASALT,10.2,259.0,90.3,49171.0,-4784.0,99.36,2017-03-16T21:26:37.629000
20050410,RURC2L_F,FRYING PAN - RUEDI RES. NR BASALT,10.1,256.0,90.3,48607.0,-5074.0,99.36,2017-03-16T21:27:24.353000
20050411,RURC2L_F,FRYING PAN - RUEDI RES. NR BASALT,10.3,261.0,90.3,49542.0,-3361.0,100.0,2017-03-16T21:28:10.733000
20050412,RURC2L_F,FRYING PAN - RUEDI RES. NR BASALT,10.3,260.0,90.3,49357.0,-2893.0,99.36,2017-03-16T21:28:57.879000
20050413,RURC2L_F,FRYING PAN - RUEDI RES. NR BASALT,10.1,258.0,90.3,48812.0,-3879.0,99.36,2017-03-16T21:29:45.228000
20050414,RURC2L_F,FRYING PAN - RUEDI RES. NR BASALT,10.3,261.0,90.3,49563.0,-2523.0,98.35,2017-03-16T21:30:31.498000
20050415,RURC2L_F,FRYING PAN - RUEDI RES. NR BASALT,9.7,246.0,90.3,46635.0,-3983.0,97.34,2017-03-16T21:31:17.722000
20050416,RURC2L_F,FRYING PAN - RUEDI RES. NR BASALT,9.1,232.0,90.3,44035.0,-5136.0,96.61,2017-03-16T21:32:02.992000
20050417,RURC2L_F,FRYING PAN - RUEDI RES. NR BASALT,8.5,216.0,90.3,41032.0,-7575.0,94.95,2017-03-16T21:32:49.950000
20050418,RURC2L_F,FRYING PAN - RUEDI RES. NR BASALT,7.9,200.0,90.3,37926.0,-11616.0,91.01,2017-03-16T21:33:34.877000
20050419,RURC2L_F,FRYING PAN - RUEDI RES. NR BASALT,7.1,180.0,90.3,34088.0,-15269.0,87.89,2017-03-16T21:34:21.850000
20050420,RURC2L_F,FRYING PAN - RUEDI RES. NR BASALT,5.9,149.0,90.3,28185.0,-20627.0,81.01,2017-03-16T21:35:09.887000
20050421,RURC2L_F,FRYING PAN - RUEDI RES. NR BASALT,5.6,143.0,90.3,27023.0,-22540.0,94.95,2017-03-16T21:35:56.626000
20050422,RURC2L_F,FRYING PAN - RUEDI RES. NR BASALT,5.5,141.0,90.3,26650.0,-19985.0,78.9,2017-03-16T21:36:42.959000
20050423,RURC2L_F,FRYING PAN - RUEDI RES. NR BASALT,5.4,138.0,90.3,26234.0,-17801.0,78.44,2017-03-16T21:37:29.167000
20050424,RURC2L_F,FRYING PAN - RUEDI RES. NR BASALT,5.2,133.0,90.3,25182.0,-15850.0,74.95,2017-03-16T21:38:15.250000
20050425,RURC2L_F,FRYING PAN - RUEDI RES. NR BASALT,5.3,135.0,90.3,25668.0,-12258.0,100.0,2017-03-16T21:39:02.458000
20050426,RURC2L_F,FRYING PAN - RUEDI RES. NR BASALT,5.5,139.0,90.3,26404.0,-7684.0,91.74,2017-03-16T21:39:48.244000
20050427,RURC2L_F,FRYING PAN - RUEDI RES. NR BASALT,5.3,135.0,90.3,25672.0,-2513.0,74.04,2017-03-16T21:40:35.765000
20050428,RURC2L_F,FRYING PAN - RUEDI RES. NR BASALT,5.2,132.0,90.3,25021.0,-2002.0,86.06,2017-03-16T21:41:29.380000
20050429,RURC2L_F,FRYING PAN - RUEDI RES. NR BASALT,5.8,148.0,90.3,28096.0,1446.0,78.17,2017-03-16T21:42:15.619000
20050430,RURC2L_F,FRYING PAN - RUEDI RES. NR BASALT,6.0,153.0,90.3,28927.0,2693.0,83.58,2017-03-16T21:43:02.077000
20050501,RURC2L_F,FRYING PAN - RUEDI RES. NR BASALT,6.1,154.0,90.3,29163.0,3981.0,98.81,2017-03-16T21:43:47.692000
20050502,RURC2L_F,FRYING PAN - RUEDI RES. NR BASALT,6.1,154.0,90.3,29225.0,3557.0,85.87,2017-03-16T21:44:32.259000
20050503,RURC2L_F,FRYING PAN - RUEDI RES. NR BASALT,6.0,152.0,90.3,28802.0,2398.0,74.95,2017-03-16T21:45:17.873000
20050504,RURC2L_F,FRYING PAN - RUEDI RES. NR BASALT,6.0,153.0,90.3,29078.0,3406.0,73.94,2017-03-16T21:46:04.659000
20050505,RURC2L_F,FRYING PAN - RUEDI RES. NR BASALT,5.8,149.0,90.3,28166.0,3145.0,73.21,2017-03-16T21:46:49.961000
20050506,RURC2L_F,FRYING PAN - RUEDI RES. NR BASALT,5.5,139.0,90.3,26257.0,-1839.0,71.28,2017-03-16T21:47:35.731000
20050507,RURC2L_F,FRYING PAN - RUEDI RES. NR BASALT,5.0,127.0,90.3,24074.0,-4853.0,69.54,2017-03-16T21:48:20.252000
20050508,RURC2L_F,FRYING PAN - RUEDI RES. NR BASALT,4.9,124.0,90.3,23536.0,-5627.0,100.0,2017-03-16T21:49:04.303000
20050509,RURC2L_F,FRYING PAN - RUEDI RES. NR BASALT,4.7,119.0,90.3,22581.0,-6644.0,67.16,2017-03-16T21:49:49.636000
20050510,RURC2L_F,FRYING PAN - RUEDI RES. NR BASALT,4.3,109.0,90.3,20741.0,-8061.0,64.22,2017-03-16T21:50:34.938000
20050511,RURC2L_F,FRYING PAN - RUEDI RES. NR BASALT,4.3,108.0,90.3,20485.0,-8593.0,60.09,2017-03-16T21:51:20.708000
20050512,RURC2L_F,FRYING PAN - RUEDI RES. NR BASALT,4.1,104.0,90.3,19641.0,-8525.0,57.25,2017-03-16T21:52:07.385000
20050513,RURC2L_F,FRYING PAN - RUEDI RES. NR BASALT,4.0,101.0,90.3,19108.0,-7149.0,56.06,2017-03-16T21:52:53.265000
20050514,RURC2L_F,FRYING PAN - RUEDI RES. NR BASALT,3.8,97.0,90.3,18384.0,-5690.0,54.59,2017-03-16T21:53:38.363000
20050515,RURC2L_F,FRYING PAN - RUEDI RES. NR BASALT,3.6,93.0,90.3,17537.0,-5999.0,53.21,2017-03-16T21:54:23.462000
20050516,RURC2L_F,FRYING PAN - RUEDI RES. NR BASALT,3.4,85.0,90.3,16169.0,-6412.0,51.56,2017-03-16T21:55:08.545000
20050517,RURC2L_F,FRYING PAN - RUEDI RES. NR BASALT,3.0,77.0,90.3,14645.0,-6096.0,49.63,2017-03-16T21:55:53.190000
20050518,RURC2L_F,FRYING PAN - RUEDI RES. NR BASALT,2.9,75.0,90.3,14173.0,-6312.0,49.45,2017-03-16T21:56:37.476000
20050519,RURC2L_F,FRYING PAN - RUEDI RES. NR BASALT,2.8,70.0,90.3,13335.0,-6306.0,47.98,2017-03-16T21:57:21.731000
20050520,RURC2L_F,FRYING PAN - RUEDI RES. NR BASALT,2.6,66.0,90.3,12548.0,-6560.0,46.33,2017-03-16T21:58:04.938000
20050521,RURC2L_F,FRYING PAN - RUEDI RES. NR BASALT,2.2,56.0,90.3,10707.0,-7677.0,41.56,2017-03-16T21:58:47.646000
20050522,RURC2L_F,FRYING PAN - RUEDI RES. NR BASALT,1.9,48.0,90.3,9062.0,-8475.0,39.72,2017-03-16T21:59:31.150000
20050523,RURC2L_F,FRYING PAN - RUEDI RES. NR BASALT,1.6,40.0,90.3,7628.0,-8541.0,37.16,2017-03-16T22:00:15.280000
20050524,RURC2L_F,FRYING PAN - RUEDI RES. NR BASALT,1.3,34.0,90.3,6469.0,-8176.0,35.87,2017-03-16T22:00:58.597000
20050525,RURC2L_F,FRYING PAN - RUEDI RES. NR BASALT,1.1,29.0,90.3,5477.0,-8696.0,34.22,2017-03-16T22:01:41.820000
20050526,RURC2L_F,FRYING PAN - RUEDI RES. NR BASALT,1.0,25.0,90.3,4790.0,-8545.0,32.29,2017-03-16T22:02:25.091000
20050527,RURC2L_F,FRYING PAN - RUEDI RES. NR BASALT,0.6,15.0,90.3,2785.0,-9763.0,27.61,2017-03-16T22:03:08.111000
20050528,RURC2L_F,FRYING PAN - RUEDI RES. NR BASALT,0.5,13.0,90.3,2413.0,-8294.0,25.87,2017-03-16T22:03:51.225000
20050529,RURC2L_F,FRYING PAN - RUEDI RES. NR BASALT,0.4,11.0,90.3,2015.0,-7047.0,21.74,2017-03-16T22:04:34.495000
20050530,RURC2L_F,FRYING PAN - RUEDI RES. NR BASALT,0.4,9.0,90.3,1713.0,-5915.0,20.55,2017-03-16T22:05:19
20050531,RURC2L_F,FRYING PAN - RUEDI RES. NR BASALT,0.3,8.0,90.3,1488.0,-4981.0,19.08,2017-03-16T22:06:02.129000
20050601,RURC2L_F,FRYING PAN - RUEDI RES. NR BASALT,0.3,7.0,90.3,1337.0,-4140.0,17.89,2017-03-16T22:06:46.696000
20050602,RURC2L_F,FRYING PAN - RUEDI RES. NR BASALT,0.2,6.0,90.3,1100.0,-3690.0,15.23,2017-03-16T22:07:30.451000
20050603,RURC2L_F,FRYING PAN - RUEDI RES. NR BASALT,0.1,3.0,90.3,660.0,-2125.0,8.44,2017-03-16T22:08:13.581000
20050604,RURC2L_F,FRYING PAN - RUEDI RES. NR BASALT,0.1,3.0,90.3,592.0,-1821.0,9.91,2017-03-16T22:08:58.038000
20050605,RURC2L_F,FRYING PAN - RUEDI RES. NR BASALT,0.2,5.0,90.3,864.0,-1151.0,44.59,2017-03-16T22:09:42.043000
20050606,RURC2L_F,FRYING PAN - RUEDI RES. NR BASALT,0.1,3.0,90.3,529.0,-1184.0,7.25,2017-03-16T22:10:25.470000
20050607,RURC2L_F,FRYING PAN - RUEDI RES. NR BASALT,0.1,2.0,90.3,437.0,-1051.0,6.42,2017-03-16T22:11:09.943000
20050608,RURC2L_F,FRYING PAN - RUEDI RES. NR BASALT,0.1,2.0,90.3,381.0,-956.0,6.24,2017-03-16T22:11:54.338000
20050609,RURC2L_F,FRYING PAN - RUEDI RES. NR BASALT,0.1,2.0,90.3,318.0,-782.0,5.41,2017-03-16T22:12:38.233000
20050610,RURC2L_F,FRYING PAN - RUEDI RES. NR BASALT,0.1,1.0,90.3,277.0,-383.0,6.61,2017-03-16T22:13:22.035000
20050611,RURC2L_F,FRYING PAN - RUEDI RES. NR BASALT,0.1,1.0,90.3,251.0,-341.0,4.77,2017-03-16T22:14:07.008000
20050612,RURC2L_F,FRYING PAN - RUEDI RES. NR BASALT,0.0,1.0,90.3,223.0,-641.0,4.04,2017-03-16T22:14:51.107000
20050613,RURC2L_F,FRYING PAN - RUEDI RES. NR BASALT,0.0,1.0,90.3,231.0,-298.0,16.15,2017-03-16T22:15:34.283000
20050614,RURC2L_F,FRYING PAN - RUEDI RES. NR BASALT,0.0,1.0,90.3,199.0,-238.0,6.79,2017-03-16T22:16:17.725000
20050615,RURC2L_F,FRYING PAN - RUEDI RES. NR BASALT,0.0,1.0,90.3,150.0,-231.0,3.85,2017-03-16T22:17:00.542000
20050616,RURC2L_F,FRYING PAN - RUEDI RES. NR BASALT,0.0,0.0,90.3,95.0,-223.0,3.67,2017-03-16T22:17:43.828000
20050617,RURC2L_F,FRYING PAN - RUEDI RES. NR BASALT,0.0,0.0,90.3,46.0,-231.0,3.3,2017-03-16T22:18:27.395000
20050618,RURC2L_F,FRYING PAN - RUEDI RES. NR BASALT,0.0,0.0,90.3,19.0,-232.0,0.92,2017-03-16T22:19:10.806000
20050619,RURC2L_F,FRYING PAN - RUEDI RES. NR BASALT,0.0,0.0,90.3,7.0,-216.0,0.92,2017-03-16T22:19:54.295000
20050620,RURC2L_F,FRYING PAN - RUEDI RES. NR BASALT,0.0,0.0,90.3,0.0,-231.0,0.0,2017-03-16T22:20:36.456000
20050621,RURC2L_F,FRYING PAN - RUEDI RES. NR BASALT,0.0,0.0,90.3,0.0,-199.0,0.0,2017-03-16T22:21:20.210000
20050622,RURC2L_F,FRYING PAN - RUEDI RES. NR BASALT,0.0,0.0,90.3,0.0,-150.0,0.0,2017-03-16T22:22:03.699000
20050623,RURC2L_F,FRYING PAN - RUEDI RES. NR BASALT,0.0,0.0,90.3,0.0,-95.0,0.0,2017-03-16T22:22:46.735000
20050624,RURC2L_F,FRYING PAN - RUEDI RES. NR BASALT,0.0,0.0,90.3,0.0,-46.0,0.0,2017-03-16T22:23:30.443000
20050626,RURC2L_F,FRYING PAN - RUEDI RES. NR BASALT,0.0,0.0,90.3,0.0,-7.0,0.0,2017-03-16T22:24:14.338000
20050627,RURC2L_F,FRYING PAN - RUEDI RES. NR BASALT,0.0,0.0,90.3,0.0,0.0,0.0,2017-03-16T22:24:58.452000
20050628,RURC2L_F,FRYING PAN - RUEDI RES. NR BASALT,0.0,0.0,90.3,0.0,0.0,0.0,2017-03-16T22:25:43.348000
20050629,RURC2L_F,FRYING PAN - RUEDI RES. NR BASALT,0.0,0.0,90.3,0.0,0.0,0.0,2017-03-16T22:26:26.790000
20050630,RURC2L_F,FRYING PAN - RUEDI RES. NR BASALT,0.0,0.0,90.3,0.0,0.0,0.0,2017-03-16T22:27:11.185000
20050701,RURC2L_F,FRYING PAN - RUEDI RES. NR BASALT,0.0,0.0,90.3,0.0,0.0,0.0,2017-03-16T22:27:54.549000
20050702,RURC2L_F,FRYING PAN - RUEDI RES. NR BASALT,0.0,0.0,90.3,0.0,NULL,0.0,2017-03-16T22:28:37.491000
20050703,RURC2L_F,FRYING PAN - RUEDI RES. NR BASALT,0.0,0.0,90.3,0.0,0.0,0.0,2017-03-16T22:29:20.386000
20050704,RURC2L_F,FRYING PAN - RUEDI RES. NR BASALT,0.0,0.0,90.3,0.0,0.0,0.0,2017-03-16T22:30:04.141000
20050705,RURC2L_F,FRYING PAN - RUEDI RES. NR BASALT,0.0,0.0,90.3,0.0,0.0,0.0,2017-03-16T22:30:47.567000
20050706,RURC2L_F,FRYING PAN - RUEDI RES. NR BASALT,0.0,0.0,90.3,0.0,0.0,0.0,2017-03-16T22:31:31.541000
20050707,RURC2L_F,FRYING PAN - RUEDI RES. NR BASALT,0.0,0.0,90.3,0.0,0.0,0.0,2017-03-16T22:32:14.311000
20050708,RURC2L_F,FRYING PAN - RUEDI RES. NR BASALT,0.0,0.0,90.3,0.0,0.0,0.0,2017-03-16T22:32:58.034000
20050709,RURC2L_F,FRYING PAN - RUEDI RES. NR BASALT,0.0,0.0,90.3,0.0,0.0,0.0,2017-03-16T22:33:41.179000
20050710,RURC2L_F,FRYING PAN - RUEDI RES. NR BASALT,0.0,0.0,90.3,0.0,0.0,0.0,2017-03-16T22:34:25.106000
20050711,RURC2L_F,FRYING PAN - RUEDI RES. NR BASALT,0.0,0.0,90.3,0.0,0.0,0.0,2017-03-16T22:35:08.970000
20050712,RURC2L_F,FRYING PAN - RUEDI RES. NR BASALT,0.0,0.0,90.3,0.0,0.0,0.0,2017-03-16T22:35:52.131000
20050713,RURC2L_F,FRYING PAN - RUEDI RES. NR BASALT,0.0,0.0,90.3,0.0,0.0,0.0,2017-03-16T22:36:35.745000
20050714,RURC2L_F,FRYING PAN - RUEDI RES. NR BASALT,0.0,0.0,90.3,0.0,0.0,0.0,2017-03-16T22:37:20.124000
20050715,RURC2L_F,FRYING PAN - RUEDI RES. NR BASALT,0.0,0.0,90.3,0.0,0.0,0.0,2017-03-16T22:38:04.316000
20050716,RURC2L_F,FRYING PAN - RUEDI RES. NR BASALT,0.0,0.0,90.3,0.0,0.0,0.0,2017-03-16T22:38:47.134000
20050717,RURC2L_F,FRYING PAN - RUEDI RES. NR BASALT,0.0,0.0,90.3,0.0,0.0,0.0,2017-03-16T22:39:31.794000
20050718,RURC2L_F,FRYING PAN - RUEDI RES. NR BASALT,0.0,0.0,90.3,0.0,0.0,0.0,2017-03-16T22:40:16.252000
20050719,RURC2L_F,FRYING PAN - RUEDI RES. NR BASALT,0.0,0.0,90.3,0.0,0.0,0.0,2017-03-16T22:41:02.476000
20050720,RURC2L_F,FRYING PAN - RUEDI RES. NR BASALT,0.0,0.0,90.3,0.0,0.0,0.0,2017-03-16T22:41:46.481000
20050721,RURC2L_F,FRYING PAN - RUEDI RES. NR BASALT,0.0,0.0,90.3,0.0,0.0,0.0,2017-03-16T22:42:30.454000
20050722,RURC2L_F,FRYING PAN - RUEDI RES. NR BASALT,0.0,0.0,90.3,0.0,0.0,0.0,2017-03-16T22:43:13.709000
20050723,RURC2L_F,FRYING PAN - RUEDI RES. NR BASALT,0.0,0.0,90.3,0.0,0.0,0.0,2017-03-16T22:43:58.026000
20050724,RURC2L_F,FRYING PAN - RUEDI RES. NR BASALT,0.0,0.0,90.3,0.0,0.0,0.0,2017-03-16T22:44:41.062000
20050725,RURC2L_F,FRYING PAN - RUEDI RES. NR BASALT,0.0,0.0,90.3,0.0,0.0,0.0,2017-03-16T22:45:24.973000
20050726,RURC2L_F,FRYING PAN - RUEDI RES. NR BASALT,0.0,0.0,90.3,0.0,0.0,0.0,2017-03-16T22:46:08.946000
20050727,RURC2L_F,FRYING PAN - RUEDI RES. NR BASALT,0.0,0.0,90.3,0.0,0.0,0.0,2017-03-16T22:46:52.279000
20050728,RURC2L_F,FRYING PAN - RUEDI RES. NR BASALT,0.0,0.0,90.3,0.0,0.0,0.0,2017-03-16T22:47:37.158000
20050729,RURC2L_F,FRYING PAN - RUEDI RES. NR BASALT,0.0,0.0,90.3,0.0,0.0,0.0,2017-03-16T22:48:21.116000
20050730,RURC2L_F,FRYING PAN - RUEDI RES. NR BASALT,0.0,0.0,90.3,0.0,0.0,0.0,2017-03-16T22:49:04.621000
20050731,RURC2L_F,FRYING PAN - RUEDI RES. NR BASALT,0.0,0.0,90.3,0.0,0.0,0.0,2017-03-16T22:49:47.047000
20050803,RURC2L_F,FRYING PAN - RUEDI RES. NR BASALT,0.0,0.0,90.3,0.0,0.0,0.0,2017-03-16T22:50:30.770000
20050804,RURC2L_F,FRYING PAN - RUEDI RES. NR BASALT,0.0,0.0,90.3,0.0,0.0,0.0,2017-03-16T22:51:15.947000
20050805,RURC2L_F,FRYING PAN - RUEDI RES. NR BASALT,0.0,0.0,90.3,0.0,0.0,0.0,2017-03-16T22:52:01.014000
20050806,RURC2L_F,FRYING PAN - RUEDI RES. NR BASALT,0.0,0.0,90.3,0.0,0.0,0.0,2017-03-16T22:52:45.441000
20050807,RURC2L_F,FRYING PAN - RUEDI RES. NR BASALT,0.0,0.0,90.3,0.0,0.0,0.0,2017-03-16T22:53:28.727000
20050808,RURC2L_F,FRYING PAN - RUEDI RES. NR BASALT,0.0,0.0,90.3,0.0,NULL,0.0,2017-03-16T22:54:12.653000
20050809,RURC2L_F,FRYING PAN - RUEDI RES. NR BASALT,0.0,0.0,90.3,0.0,NULL,0.0,2017-03-16T22:54:56.048000
20050810,RURC2L_F,FRYING PAN - RUEDI RES. NR BASALT,0.0,0.0,90.3,0.0,0.0,0.0,2017-03-16T22:55:39.162000
20050811,RURC2L_F,FRYING PAN - RUEDI RES. NR BASALT,0.0,0.0,90.3,0.0,0.0,0.0,2017-03-16T22:56:24.104000
20050812,RURC2L_F,FRYING PAN - RUEDI RES. NR BASALT,0.0,0.0,90.3,0.0,0.0,0.0,2017-03-16T22:57:08.078000
20050813,RURC2L_F,FRYING PAN - RUEDI RES. NR BASALT,0.0,0.0,90.3,0.0,0.0,0.0,2017-03-16T22:57:52.583000
20050814,RURC2L_F,FRYING PAN - RUEDI RES. NR BASALT,0.0,0.0,90.3,0.0,0.0,0.0,2017-03-16T22:58:37.009000
20050815,RURC2L_F,FRYING PAN - RUEDI RES. NR BASALT,0.0,0.0,90.3,0.0,0.0,0.0,2017-03-16T22:59:21.811000
20050816,RURC2L_F,FRYING PAN - RUEDI RES. NR BASALT,0.0,0.0,90.3,0.0,0.0,0.0,2017-03-16T23:00:07.034000
20050817,RURC2L_F,FRYING PAN - RUEDI RES. NR BASALT,0.0,0.0,90.3,0.0,0.0,0.0,2017-03-16T23:00:52.242000
20050818,RURC2L_F,FRYING PAN - RUEDI RES. NR BASALT,0.0,0.0,90.3,0.0,0.0,0.0,2017-03-16T23:01:37.372000
20050819,RURC2L_F,FRYING PAN - RUEDI RES. NR BASALT,0.0,0.0,90.3,0.0,0.0,0.0,2017-03-16T23:02:21.486000
20050820,RURC2L_F,FRYING PAN - RUEDI RES. NR BASALT,0.0,0.0,90.3,0.0,0.0,0.0,2017-03-16T23:03:06.053000
20050821,RURC2L_F,FRYING PAN - RUEDI RES. NR BASALT,0.0,0.0,90.3,0.0,0.0,0.0,2017-03-16T23:03:51.448000
20050822,RURC2L_F,FRYING PAN - RUEDI RES. NR BASALT,0.0,0.0,90.3,0.0,0.0,0.0,2017-03-16T23:04:36.297000
20050823,RURC2L_F,FRYING PAN - RUEDI RES. NR BASALT,0.0,0.0,90.3,0.0,0.0,0.0,2017-03-16T23:05:21.067000
20050824,RURC2L_F,FRYING PAN - RUEDI RES. NR BASALT,0.0,0.0,90.3,0.0,0.0,0.0,2017-03-16T23:06:06.228000
20050825,RURC2L_F,FRYING PAN - RUEDI RES. NR BASALT,0.0,0.0,90.3,0.0,0.0,0.0,2017-03-16T23:06:53.796000
20050826,RURC2L_F,FRYING PAN - RUEDI RES. NR BASALT,0.0,0.0,90.3,0.0,0.0,0.0,2017-03-16T23:07:37.363000
20050827,RURC2L_F,FRYING PAN - RUEDI RES. NR BASALT,0.0,0.0,90.3,0.0,0.0,0.0,2017-03-16T23:08:21.446000
20050828,RURC2L_F,FRYING PAN - RUEDI RES. NR BASALT,0.0,0.0,90.3,0.0,0.0,0.0,2017-03-16T23:09:06.841000
20050829,RURC2L_F,FRYING PAN - RUEDI RES. NR BASALT,0.0,0.0,90.3,0.0,0.0,0.0,2017-03-16T23:09:52.736000
20050830,RURC2L_F,FRYING PAN - RUEDI RES. NR BASALT,0.0,0.0,90.3,0.0,0.0,0.0,2017-03-16T23:10:37.679000
20050831,RURC2L_F,FRYING PAN - RUEDI RES. NR BASALT,0.0,0.0,90.3,0.0,0.0,0.0,2017-03-16T23:11:21.730000
20050901,RURC2L_F,FRYING PAN - RUEDI RES. NR BASALT,0.0,0.0,90.3,0.0,0.0,0.0,2017-03-16T23:12:05.094000
20050902,RURC2L_F,FRYING PAN - RUEDI RES. NR BASALT,0.0,0.0,90.3,0.0,0.0,0.0,2017-03-16T23:12:47.739000
20050903,RURC2L_F,FRYING PAN - RUEDI RES. NR BASALT,0.0,0.0,90.3,0.0,0.0,0.0,2017-03-16T23:13:30.666000
20050904,RURC2L_F,FRYING PAN - RUEDI RES. NR BASALT,0.0,0.0,90.3,0.0,0.0,0.0,2017-03-16T23:14:14.733000
20050905,RURC2L_F,FRYING PAN - RUEDI RES. NR BASALT,0.0,0.0,90.3,0.0,0.0,0.0,2017-03-16T23:14:59.363000
20050906,RURC2L_F,FRYING PAN - RUEDI RES. NR BASALT,0.0,0.0,90.3,0.0,0.0,0.0,2017-03-16T23:15:42.586000
20050907,RURC2L_F,FRYING PAN - RUEDI RES. NR BASALT,0.0,0.0,90.3,0.0,0.0,0.0,2017-03-16T23:16:25.559000
20050908,RURC2L_F,FRYING PAN - RUEDI RES. NR BASALT,0.0,0.0,90.3,0.0,0.0,0.0,2017-03-16T23:17:08.939000
20050909,RURC2L_F,FRYING PAN - RUEDI RES. NR BASALT,0.0,0.0,90.3,0.0,0.0,0.0,2017-03-16T23:17:52.396000
20050910,RURC2L_F,FRYING PAN - RUEDI RES. NR BASALT,0.0,0.0,90.3,0.0,0.0,0.0,2017-03-16T23:18:35.604000
20050911,RURC2L_F,FRYING PAN - RUEDI RES. NR BASALT,0.0,0.0,90.3,0.0,0.0,0.0,2017-03-16T23:19:17.983000
20050912,RURC2L_F,FRYING PAN - RUEDI RES. NR BASALT,0.0,0.0,90.3,0.0,0.0,0.0,2017-03-16T23:20:02.566000
20050913,RURC2L_F,FRYING PAN - RUEDI RES. NR BASALT,0.0,0.0,90.3,0.0,0.0,0.0,2017-03-16T23:20:47.055000
20050914,RURC2L_F,FRYING PAN - RUEDI RES. NR BASALT,0.0,0.0,90.3,0.0,0.0,0.0,2017-03-16T23:21:30.451000
20050915,RURC2L_F,FRYING PAN - RUEDI RES. NR BASALT,0.0,0.0,90.3,0.0,0.0,0.0,2017-03-16T23:22:14.158000
20050916,RURC2L_F,FRYING PAN - RUEDI RES. NR BASALT,0.0,0.0,90.3,0.0,0.0,0.0,2017-03-16T23:22:57.319000
20050917,RURC2L_F,FRYING PAN - RUEDI RES. NR BASALT,0.0,0.0,90.3,0.0,0.0,0.0,2017-03-16T23:23:41.917000
20050918,RURC2L_F,FRYING PAN - RUEDI RES. NR BASALT,0.0,0.0,90.3,0.0,0.0,0.0,2017-03-16T23:24:25.157000
20050919,RURC2L_F,FRYING PAN - RUEDI RES. NR BASALT,0.0,0.0,90.3,0.0,0.0,0.0,2017-03-16T23:25:08.161000
20050920,RURC2L_F,FRYING PAN - RUEDI RES. NR BASALT,0.0,0.0,90.3,0.0,0.0,0.0,2017-03-16T23:25:52.462000
20050921,RURC2L_F,FRYING PAN - RUEDI RES. NR BASALT,0.0,0.0,90.3,0.0,0.0,0.0,2017-03-16T23:26:35.951000
20050922,RURC2L_F,FRYING PAN - RUEDI RES. NR BASALT,0.0,0.0,90.3,0.0,0.0,0.0,2017-03-16T23:27:18.425000
20050923,RURC2L_F,FRYING PAN - RUEDI RES. NR BASALT,0.0,0.0,90.3,0.0,0.0,0.0,2017-03-16T23:28:02.617000
20050924,RURC2L_F,FRYING PAN - RUEDI RES. NR BASALT,0.0,0.0,90.3,0.0,0.0,0.0,2017-03-16T23:28:45.621000
20050925,RURC2L_F,FRYING PAN - RUEDI RES. NR BASALT,0.0,0.0,90.3,0.0,0.0,0.0,2017-03-16T23:29:30.735000
20050926,RURC2L_F,FRYING PAN - RUEDI RES. NR BASALT,0.0,0.0,90.3,0.0,0.0,0.0,2017-03-16T23:30:15.881000
20050927,RURC2L_F,FRYING PAN - RUEDI RES. NR BASALT,0.0,0.0,90.3,0.0,0.0,0.0,2017-03-16T23:31:00.636000
20050928,RURC2L_F,FRYING PAN - RUEDI RES. NR BASALT,0.0,0.0,90.3,0.0,0.0,0.0,2017-03-16T23:31:44.187000
20050929,RURC2L_F,FRYING PAN - RUEDI RES. NR BASALT,0.0,0.0,90.3,0.0,0.0,0.0,2017-03-16T23:32:27.567000
20050930,RURC2L_F,FRYING PAN - RUEDI RES. NR BASALT,0.0,0.0,90.3,0.0,0.0,0.0,2017-03-16T23:33:12.759000
20051001,RURC2L_F,FRYING PAN - RUEDI RES. NR BASALT,0.0,0.0,90.3,0.0,0.0,0.0,2017-03-16T23:33:56.904000
20051002,RURC2L_F,FRYING PAN - RUEDI RES. NR BASALT,0.0,0.0,90.3,0.0,0.0,0.0,2017-03-16T23:34:41.612000
20051003,RURC2L_F,FRYING PAN - RUEDI RES. NR BASALT,0.0,0.0,90.3,0.0,0.0,0.0,2017-03-16T23:35:26.570000
20051004,RURC2L_F,FRYING PAN - RUEDI RES. NR BASALT,0.0,0.0,90.3,0.0,0.0,0.0,2017-03-16T23:36:12.465000
20051005,RURC2L_F,FRYING PAN - RUEDI RES. NR BASALT,0.1,2.0,90.3,321.0,321.0,99.27,2017-03-16T23:37:00.142000
20051006,RURC2L_F,FRYING PAN - RUEDI RES. NR BASALT,0.0,0.0,90.3,31.0,31.0,15.96,2017-03-16T23:37:49.069000
20051007,RURC2L_F,FRYING PAN - RUEDI RES. NR BASALT,0.0,0.0,90.3,0.0,0.0,0.0,2017-03-16T23:38:35.371000
20051008,RURC2L_F,FRYING PAN - RUEDI RES. NR BASALT,0.0,0.0,90.3,0.0,0.0,0.0,2017-03-16T23:39:22.470000
20051009,RURC2L_F,FRYING PAN - RUEDI RES. NR BASALT,0.0,0.0,90.3,1.0,1.0,0.64,2017-03-16T23:40:08.631000
20051010,RURC2L_F,FRYING PAN - RUEDI RES. NR BASALT,0.3,7.0,90.3,1359.0,1359.0,88.53,2017-03-16T23:40:54.730000
20051011,RURC2L_F,FRYING PAN - RUEDI RES. NR BASALT,0.5,14.0,90.3,2587.0,2587.0,89.72,2017-03-16T23:41:39.250000
20051012,RURC2L_F,FRYING PAN - RUEDI RES. NR BASALT,0.6,16.0,90.3,3064.0,2743.0,88.81,2017-03-16T23:42:23.739000
20051013,RURC2L_F,FRYING PAN - RUEDI RES. NR BASALT,0.6,15.0,90.3,2795.0,2764.0,84.77,2017-03-16T23:43:07.947000
20051014,RURC2L_F,FRYING PAN - RUEDI RES. NR BASALT,0.3,8.0,90.3,1520.0,1520.0,71.65,2017-03-16T23:43:51.905000
20051015,RURC2L_F,FRYING PAN - RUEDI RES. NR BASALT,0.1,3.0,90.3,623.0,623.0,56.79,2017-03-16T23:44:36.144000
20051016,RURC2L_F,FRYING PAN - RUEDI RES. NR BASALT,0.0,0.0,90.3,76.0,75.0,10.73,2017-03-16T23:45:20.711000
20051017,RURC2L_F,FRYING PAN - RUEDI RES. NR BASALT,0.0,0.0,90.3,22.0,-1337.0,3.85,2017-03-16T23:46:03.762000
20051018,RURC2L_F,FRYING PAN - RUEDI RES. NR BASALT,0.0,0.0,90.3,10.0,-2577.0,2.48,2017-03-16T23:46:47.658000
20051019,RURC2L_F,FRYING PAN - RUEDI RES. NR BASALT,0.0,0.0,90.3,4.0,-3060.0,1.01,2017-03-16T23:47:32.694000
20051020,RURC2L_F,FRYING PAN - RUEDI RES. NR BASALT,0.3,9.0,90.3,1681.0,-1114.0,93.94,2017-03-16T23:48:16.354000
20051021,RURC2L_F,FRYING PAN - RUEDI RES. NR BASALT,0.3,7.0,90.3,1268.0,-252.0,77.16,2017-03-16T23:49:00.078000
20051022,RURC2L_F,FRYING PAN - RUEDI RES. NR BASALT,0.2,4.0,90.3,781.0,158.0,61.01,2017-03-16T23:49:43.207000
20051023,RURC2L_F,FRYING PAN - RUEDI RES. NR BASALT,0.1,2.0,90.3,395.0,319.0,40.0,2017-03-16T23:50:26.603000
20051024,RURC2L_F,FRYING PAN - RUEDI RES. NR BASALT,0.0,1.0,90.3,185.0,163.0,23.12,2017-03-16T23:51:10.138000
20051025,RURC2L_F,FRYING PAN - RUEDI RES. NR BASALT,0.0,0.0,90.3,84.0,74.0,12.57,2017-03-16T23:51:53.440000
20051026,RURC2L_F,FRYING PAN - RUEDI RES. NR BASALT,0.0,0.0,90.3,54.0,50.0,8.07,2017-03-16T23:52:38.148000
20051027,RURC2L_F,FRYING PAN - RUEDI RES. NR BASALT,0.0,0.0,90.3,42.0,-1639.0,5.96,2017-03-16T23:53:24.262000
20051028,RURC2L_F,FRYING PAN - RUEDI RES. NR BASALT,0.0,0.0,90.3,3.0,-1265.0,0.83,2017-03-16T23:54:09.188000
20051029,RURC2L_F,FRYING PAN - RUEDI RES. NR BASALT,0.0,0.0,90.3,23.0,-758.0,3.49,2017-03-16T23:54:53.349000
20051030,RURC2L_F,FRYING PAN - RUEDI RES. NR BASALT,0.1,2.0,90.3,337.0,-58.0,88.35,2017-03-16T23:55:37.932000
20051031,RURC2L_F,FRYING PAN - RUEDI RES. NR BASALT,0.2,6.0,90.3,1180.0,995.0,100.0,2017-03-16T23:56:23.390000
20051101,RURC2L_F,FRYING PAN - RUEDI RES. NR BASALT,0.2,6.0,90.3,1129.0,1045.0,100.0,2017-03-16T23:57:08.598000
20051102,RURC2L_F,FRYING PAN - RUEDI RES. NR BASALT,0.1,3.0,90.3,542.0,488.0,72.57,2017-03-16T23:57:54.150000
20051103,RURC2L_F,FRYING PAN - RUEDI RES. NR BASALT,0.0,0.0,90.3,67.0,25.0,20.0,2017-03-16T23:58:39.701000
20051104,RURC2L_F,FRYING PAN - RUEDI RES. NR BASALT,0.0,0.0,90.3,51.0,48.0,14.95,2017-03-16T23:59:28.910000
20051105,RURC2L_F,FRYING PAN - RUEDI RES. NR BASALT,0.0,0.0,90.3,40.0,17.0,11.74,2017-03-17T00:00:16.352000
20051106,RURC2L_F,FRYING PAN - RUEDI RES. NR BASALT,0.2,6.0,90.3,1115.0,778.0,100.0,2017-03-17T00:01:05.060000
20051107,RURC2L_F,FRYING PAN - RUEDI RES. NR BASALT,0.1,2.0,90.3,468.0,-712.0,78.07,2017-03-17T00:01:54.394000
20051108,RURC2L_F,FRYING PAN - RUEDI RES. NR BASALT,0.0,1.0,90.3,111.0,-1018.0,23.12,2017-03-17T00:02:41.617000
20051109,RURC2L_F,FRYING PAN - RUEDI RES. NR BASALT,0.0,0.0,90.3,32.0,-510.0,7.06,2017-03-17T00:03:30.372000
20051110,RURC2L_F,FRYING PAN - RUEDI RES. NR BASALT,0.0,0.0,90.3,12.0,-55.0,2.84,2017-03-17T00:04:19.065000
20051111,RURC2L_F,FRYING PAN - RUEDI RES. NR BASALT,0.0,0.0,90.3,1.0,-50.0,0.46,2017-03-17T00:05:05.898000
20051112,RURC2L_F,FRYING PAN - RUEDI RES. NR BASALT,0.1,3.0,90.3,542.0,502.0,100.0,2017-03-17T00:05:53.731000
20051113,RURC2L_F,FRYING PAN - RUEDI RES. NR BASALT,0.7,17.0,90.3,3236.0,2121.0,100.0,2017-03-17T00:06:41.580000
20051114,RURC2L_F,FRYING PAN - RUEDI RES. NR BASALT,1.2,32.0,90.3,5989.0,5521.0,100.0,2017-03-17T00:07:30.945000
20051115,RURC2L_F,FRYING PAN - RUEDI RES. NR BASALT,2.1,54.0,90.3,10276.0,10165.0,100.0,2017-03-17T00:08:21.950000
20051116,RURC2L_F,FRYING PAN - RUEDI RES. NR BASALT,2.2,57.0,90.3,10744.0,10712.0,100.0,2017-03-17T00:09:13.002000
20051117,RURC2L_F,FRYING PAN - RUEDI RES. NR BASALT,2.2,56.0,90.3,10705.0,10693.0,100.0,2017-03-17T00:10:03.586000
20051118,RURC2L_F,FRYING PAN - RUEDI RES. NR BASALT,2.3,58.0,90.3,10998.0,10997.0,100.0,2017-03-17T00:10:53.278000
20051119,RURC2L_F,FRYING PAN - RUEDI RES. NR BASALT,2.3,58.0,90.3,10927.0,10385.0,100.0,2017-03-17T00:11:42.346000
20051120,RURC2L_F,FRYING PAN - RUEDI RES. NR BASALT,2.3,58.0,90.3,10904.0,7668.0,100.0,2017-03-17T00:12:30.695000
20051121,RURC2L_F,FRYING PAN - RUEDI RES. NR BASALT,2.3,57.0,90.3,10834.0,4845.0,100.0,2017-03-17T00:13:18.247000
20051122,RURC2L_F,FRYING PAN - RUEDI RES. NR BASALT,2.5,63.0,90.3,12030.0,1754.0,100.0,2017-03-17T00:14:05.330000
20051123,RURC2L_F,FRYING PAN - RUEDI RES. NR BASALT,2.5,63.0,90.3,11884.0,1140.0,100.0,2017-03-17T00:14:53.773000
20051124,RURC2L_F,FRYING PAN - RUEDI RES. NR BASALT,2.4,62.0,90.3,11769.0,1064.0,99.82,2017-03-17T00:15:41.543000
20051125,RURC2L_F,FRYING PAN - RUEDI RES. NR BASALT,2.4,61.0,90.3,11655.0,657.0,99.72,2017-03-17T00:16:30.892000
20051126,RURC2L_F,FRYING PAN - RUEDI RES. NR BASALT,2.4,61.0,90.3,11516.0,589.0,99.63,2017-03-17T00:17:20.741000
20051127,RURC2L_F,FRYING PAN - RUEDI RES. NR BASALT,2.6,66.0,90.3,12538.0,1634.0,100.0,2017-03-17T00:18:12.934000
20051128,RURC2L_F,FRYING PAN - RUEDI RES. NR BASALT,2.8,71.0,90.3,13501.0,2667.0,100.0,2017-03-17T00:19:09.003000
20051129,RURC2L_F,FRYING PAN - RUEDI RES. NR BASALT,2.9,73.0,90.3,13780.0,1750.0,100.0,2017-03-17T00:20:05.227000
20051130,RURC2L_F,FRYING PAN - RUEDI RES. NR BASALT,2.9,73.0,90.3,13922.0,2038.0,100.0,2017-03-17T00:21:00.499000
20051201,RURC2L_F,FRYING PAN - RUEDI RES. NR BASALT,3.3,83.0,90.3,15689.0,3920.0,100.0,2017-03-17T00:21:51.629000
20051202,RURC2L_F,FRYING PAN - RUEDI RES. NR BASALT,3.5,89.0,90.3,16838.0,5183.0,100.0,2017-03-17T00:22:44.978000
20051203,RURC2L_F,FRYING PAN - RUEDI RES. NR BASALT,4.0,102.0,90.3,19427.0,7911.0,100.0,2017-03-17T00:23:39.594000
20051204,RURC2L_F,FRYING PAN - RUEDI RES. NR BASALT,4.6,116.0,90.3,21955.0,9417.0,100.0,2017-03-17T00:24:32.771000
20051205,RURC2L_F,FRYING PAN - RUEDI RES. NR BASALT,4.8,122.0,90.3,23055.0,9554.0,100.0,2017-03-17T00:25:24.745000
20051206,RURC2L_F,FRYING PAN - RUEDI RES. NR BASALT,4.8,122.0,90.3,23162.0,9382.0,100.0,2017-03-17T00:26:18.079000
20051207,RURC2L_F,FRYING PAN - RUEDI RES. NR BASALT,5.1,130.0,90.3,24571.0,10649.0,100.0,2017-03-17T00:27:10.600000
20051208,RURC2L_F,FRYING PAN - RUEDI RES. NR BASALT,5.1,131.0,90.3,24784.0,9095.0,100.0,2017-03-17T00:28:05.575000
20051209,RURC2L_F,FRYING PAN - RUEDI RES. NR BASALT,5.1,130.0,90.3,24698.0,7860.0,100.0,2017-03-17T00:29:02.784000
20051210,RURC2L_F,FRYING PAN - RUEDI RES. NR BASALT,5.1,130.0,90.3,24613.0,5186.0,100.0,2017-03-17T00:29:58.680000
20051211,RURC2L_F,FRYING PAN - RUEDI RES. NR BASALT,5.1,129.0,90.3,24523.0,2568.0,100.0,2017-03-17T00:30:55.155000
20051212,RURC2L_F,FRYING PAN - RUEDI RES. NR BASALT,5.1,129.0,90.3,24438.0,1383.0,100.0,2017-03-17T00:31:51.364000
20051213,RURC2L_F,FRYING PAN - RUEDI RES. NR BASALT,5.1,129.0,90.3,24365.0,1203.0,100.0,2017-03-17T00:32:45.214000
20051214,RURC2L_F,FRYING PAN - RUEDI RES. NR BASALT,5.4,137.0,90.3,26024.0,1453.0,100.0,2017-03-17T00:33:38.672000
20051215,RURC2L_F,FRYING PAN - RUEDI RES. NR BASALT,5.4,138.0,90.3,26203.0,1419.0,100.0,2017-03-17T00:34:33.162000
20051216,RURC2L_F,FRYING PAN - RUEDI RES. NR BASALT,5.4,138.0,90.3,26159.0,1461.0,100.0,2017-03-17T00:35:28.481000
20051217,RURC2L_F,FRYING PAN - RUEDI RES. NR BASALT,5.5,139.0,90.3,26294.0,1681.0,100.0,2017-03-17T00:36:21.705000
20051218,RURC2L_F,FRYING PAN - RUEDI RES. NR BASALT,5.5,140.0,90.3,26564.0,2041.0,100.0,2017-03-17T00:37:14.945000
20051219,RURC2L_F,FRYING PAN - RUEDI RES. NR BASALT,5.6,141.0,90.3,26817.0,2379.0,100.0,2017-03-17T00:38:11.123000
20051220,RURC2L_F,FRYING PAN - RUEDI RES. NR BASALT,5.8,147.0,90.3,27918.0,3553.0,100.0,2017-03-17T00:39:06.832000
20051221,RURC2L_F,FRYING PAN - RUEDI RES. NR BASALT,5.8,148.0,90.3,28071.0,2047.0,100.0,2017-03-17T00:40:02.181000
20051222,RURC2L_F,FRYING PAN - RUEDI RES. NR BASALT,6.1,154.0,90.3,29196.0,2993.0,100.0,2017-03-17T00:40:58.906000
20051223,RURC2L_F,FRYING PAN - RUEDI RES. NR BASALT,6.0,153.0,90.3,29070.0,2911.0,100.0,2017-03-17T00:41:53.646000
20051224,RURC2L_F,FRYING PAN - RUEDI RES. NR BASALT,6.4,164.0,90.3,31013.0,4719.0,100.0,2017-03-17T00:42:45.886000
20051225,RURC2L_F,FRYING PAN - RUEDI RES. NR BASALT,6.4,163.0,90.3,30931.0,4367.0,100.0,2017-03-17T00:43:37.939000
20051226,RURC2L_F,FRYING PAN - RUEDI RES. NR BASALT,6.4,163.0,90.3,30834.0,4017.0,100.0,2017-03-17T00:44:30.788000
20051227,RURC2L_F,FRYING PAN - RUEDI RES. NR BASALT,6.4,162.0,90.3,30768.0,2850.0,100.0,2017-03-17T00:45:23.684000
20051228,RURC2L_F,FRYING PAN - RUEDI RES. NR BASALT,6.7,170.0,90.3,32306.0,4235.0,100.0,2017-03-17T00:46:15.658000
20051229,RURC2L_F,FRYING PAN - RUEDI RES. NR BASALT,6.7,170.0,90.3,32275.0,3079.0,100.0,2017-03-17T00:47:07.039000
20051230,RURC2L_F,FRYING PAN - RUEDI RES. NR BASALT,7.0,179.0,90.3,33866.0,4796.0,100.0,2017-03-17T00:48:00.201000
20051231,RURC2L_F,FRYING PAN - RUEDI RES. NR BASALT,7.0,178.0,90.3,33809.0,2796.0,100.0,2017-03-17T00:48:53.863000
20060101,RURC2L_F,FRYING PAN - RUEDI RES. NR BASALT,7.2,182.0,90.3,34517.0,3586.0,100.0,2017-03-17T00:49:47.603000
20060102,RURC2L_F,FRYING PAN - RUEDI RES. NR BASALT,7.7,196.0,90.3,37059.0,6225.0,100.0,2017-03-17T00:50:41.171000
20060103,RURC2L_F,FRYING PAN - RUEDI RES. NR BASALT,7.7,195.0,90.3,36917.0,6149.0,100.0,2017-03-17T00:51:35.411000
20060104,RURC2L_F,FRYING PAN - RUEDI RES. NR BASALT,7.9,201.0,90.3,38007.0,5701.0,100.0,2017-03-17T00:52:29.479000
20060105,RURC2L_F,FRYING PAN - RUEDI RES. NR BASALT,7.9,201.0,90.3,38063.0,5788.0,100.0,2017-03-17T00:53:22.891000
20060106,RURC2L_F,FRYING PAN - RUEDI RES. NR BASALT,7.9,200.0,90.3,37998.0,4132.0,100.0,2017-03-17T00:54:15.037000
20060107,RURC2L_F,FRYING PAN - RUEDI RES. NR BASALT,7.9,200.0,90.3,37860.0,4051.0,100.0,2017-03-17T00:55:07.339000
20060108,RURC2L_F,FRYING PAN - RUEDI RES. NR BASALT,7.8,199.0,90.3,37633.0,3116.0,100.0,2017-03-17T00:55:58.392000
20060109,RURC2L_F,FRYING PAN - RUEDI RES. NR BASALT,8.1,206.0,90.3,39030.0,1971.0,100.0,2017-03-17T00:56:50.366000
20060110,RURC2L_F,FRYING PAN - RUEDI RES. NR BASALT,8.1,206.0,90.3,39007.0,2090.0,100.0,2017-03-17T00:57:42.934000
20060111,RURC2L_F,FRYING PAN - RUEDI RES. NR BASALT,8.1,205.0,90.3,38887.0,880.0,100.0,2017-03-17T00:58:36.861000
20060112,RURC2L_F,FRYING PAN - RUEDI RES. NR BASALT,8.0,204.0,90.3,38713.0,650.0,100.0,2017-03-17T00:59:29.336000
20060113,RURC2L_F,FRYING PAN - RUEDI RES. NR BASALT,8.4,213.0,90.3,40415.0,2417.0,100.0,2017-03-17T01:00:20.544000
20060114,RURC2L_F,FRYING PAN - RUEDI RES. NR BASALT,8.4,213.0,90.3,40330.0,2470.0,100.0,2017-03-17T01:01:11.893000
20060115,RURC2L_F,FRYING PAN - RUEDI RES. NR BASALT,8.3,212.0,90.3,40167.0,2534.0,100.0,2017-03-17T01:02:05.790000
20060116,RURC2L_F,FRYING PAN - RUEDI RES. NR BASALT,8.5,216.0,90.3,40912.0,1882.0,100.0,2017-03-17T01:02:58.795000
20060117,RURC2L_F,FRYING PAN - RUEDI RES. NR BASALT,8.6,218.0,90.3,41263.0,2256.0,100.0,2017-03-17T01:03:51.707000
20060118,RURC2L_F,FRYING PAN - RUEDI RES. NR BASALT,8.6,217.0,90.3,41209.0,2322.0,100.0,2017-03-17T01:04:47.557000
20060119,RURC2L_F,FRYING PAN - RUEDI RES. NR BASALT,8.7,221.0,90.3,41885.0,3172.0,100.0,2017-03-17T01:05:42.203000
20060120,RURC2L_F,FRYING PAN - RUEDI RES. NR BASALT,9.0,230.0,90.3,43511.0,3096.0,100.0,2017-03-17T01:06:34.631000
20060121,RURC2L_F,FRYING PAN - RUEDI RES. NR BASALT,9.0,230.0,90.3,43566.0,3236.0,100.0,2017-03-17T01:07:27.605000
20060122,RURC2L_F,FRYING PAN - RUEDI RES. NR BASALT,9.0,230.0,90.3,43514.0,3347.0,100.0,2017-03-17T01:08:19.782000
20060123,RURC2L_F,FRYING PAN - RUEDI RES. NR BASALT,9.0,229.0,90.3,43487.0,2575.0,100.0,2017-03-17T01:09:13.100000
20060124,RURC2L_F,FRYING PAN - RUEDI RES. NR BASALT,9.1,232.0,90.3,44014.0,2751.0,100.0,2017-03-17T01:10:06.121000
20060125,RURC2L_F,FRYING PAN - RUEDI RES. NR BASALT,9.1,232.0,90.3,43905.0,2696.0,100.0,2017-03-17T01:10:58.174000
20060126,RURC2L_F,FRYING PAN - RUEDI RES. NR BASALT,9.1,231.0,90.3,43782.0,1897.0,100.0,2017-03-17T01:11:51.117000
20060127,RURC2L_F,FRYING PAN - RUEDI RES. NR BASALT,9.2,233.0,90.3,44247.0,736.0,100.0,2017-03-17T01:12:43.576000
20060128,RURC2L_F,FRYING PAN - RUEDI RES. NR BASALT,9.3,236.0,90.3,44709.0,1143.0,100.0,2017-03-17T01:13:36.378000
20060129,RURC2L_F,FRYING PAN - RUEDI RES. NR BASALT,9.6,243.0,90.3,46009.0,2495.0,100.0,2017-03-17T01:14:29.602000
20060130,RURC2L_F,FRYING PAN - RUEDI RES. NR BASALT,9.9,251.0,90.3,47661.0,4174.0,100.0,2017-03-17T01:15:22.764000
20060131,RURC2L_F,FRYING PAN - RUEDI RES. NR BASALT,9.9,251.0,90.3,47628.0,3614.0,100.0,2017-03-17T01:16:16.707000
20060201,RURC2L_F,FRYING PAN - RUEDI RES. NR BASALT,10.0,253.0,90.3,48029.0,4124.0,100.0,2017-03-17T01:17:08.838000
20060202,RURC2L_F,FRYING PAN - RUEDI RES. NR BASALT,10.0,253.0,90.3,48032.0,4250.0,100.0,2017-03-17T01:18:00.593000
20060203,RURC2L_F,FRYING PAN - RUEDI RES. NR BASALT,10.3,260.0,90.3,49375.0,5128.0,100.0,2017-03-17T01:18:52.708000
20060204,RURC2L_F,FRYING PAN - RUEDI RES. NR BASALT,10.4,264.0,90.3,49951.0,5242.0,100.0,2017-03-17T01:19:42.651000
20060205,RURC2L_F,FRYING PAN - RUEDI RES. NR BASALT,10.4,263.0,90.3,49855.0,3846.0,100.0,2017-03-17T01:20:36.297000
20060206,RURC2L_F,FRYING PAN - RUEDI RES. NR BASALT,10.6,268.0,90.3,50830.0,3169.0,100.0,2017-03-17T01:21:29.568000
20060207,RURC2L_F,FRYING PAN - RUEDI RES. NR BASALT,10.5,268.0,90.3,50769.0,3141.0,100.0,2017-03-17T01:22:22.433000
20060208,RURC2L_F,FRYING PAN - RUEDI RES. NR BASALT,10.5,267.0,90.3,50645.0,2616.0,100.0,2017-03-17T01:23:13.579000
20060209,RURC2L_F,FRYING PAN - RUEDI RES. NR BASALT,10.5,267.0,90.3,50550.0,2518.0,100.0,2017-03-17T01:24:05.038000
20060210,RURC2L_F,FRYING PAN - RUEDI RES. NR BASALT,10.8,275.0,90.3,52194.0,2819.0,100.0,2017-03-17T01:24:56.622000
20060211,RURC2L_F,FRYING PAN - RUEDI RES. NR BASALT,10.8,275.0,90.3,52191.0,2240.0,100.0,2017-03-17T01:25:49.268000
20060212,RURC2L_F,FRYING PAN - RUEDI RES. NR BASALT,10.8,275.0,90.3,52151.0,2296.0,100.0,2017-03-17T01:26:41.180000
20060213,RURC2L_F,FRYING PAN - RUEDI RES. NR BASALT,10.8,275.0,90.3,52085.0,1255.0,100.0,2017-03-17T01:27:33.779000
20060214,RURC2L_F,FRYING PAN - RUEDI RES. NR BASALT,10.8,274.0,90.3,52022.0,1253.0,100.0,2017-03-17T01:28:27.910000
20060215,RURC2L_F,FRYING PAN - RUEDI RES. NR BASALT,10.9,277.0,90.3,52513.0,1868.0,100.0,2017-03-17T01:29:21.478000
20060216,RURC2L_F,FRYING PAN - RUEDI RES. NR BASALT,11.0,280.0,90.3,53101.0,2551.0,100.0,2017-03-17T01:30:17.062000
20060217,RURC2L_F,FRYING PAN - RUEDI RES. NR BASALT,11.3,286.0,90.3,54270.0,2076.0,100.0,2017-03-17T01:31:10.755000
20060218,RURC2L_F,FRYING PAN - RUEDI RES. NR BASALT,11.3,286.0,90.3,54246.0,2055.0,100.0,2017-03-17T01:32:02.682000
20060219,RURC2L_F,FRYING PAN - RUEDI RES. NR BASALT,11.3,287.0,90.3,54324.0,2173.0,100.0,2017-03-17T01:32:57.703000
20060220,RURC2L_F,FRYING PAN - RUEDI RES. NR BASALT,11.4,290.0,90.3,54955.0,2870.0,100.0,2017-03-17T01:33:52.256000
20060221,RURC2L_F,FRYING PAN - RUEDI RES. NR BASALT,11.5,293.0,90.3,55569.0,3547.0,100.0,2017-03-17T01:34:46.184000
20060222,RURC2L_F,FRYING PAN - RUEDI RES. NR BASALT,11.6,295.0,90.3,55984.0,3471.0,100.0,2017-03-17T01:35:41.565000
20060223,RURC2L_F,FRYING PAN - RUEDI RES. NR BASALT,11.6,296.0,90.3,56082.0,2981.0,100.0,2017-03-17T01:36:35.570000
20060224,RURC2L_F,FRYING PAN - RUEDI RES. NR BASALT,11.6,296.0,90.3,56014.0,1744.0,100.0,2017-03-17T01:37:29.763000
20060225,RURC2L_F,FRYING PAN - RUEDI RES. NR BASALT,11.6,295.0,90.3,55900.0,1654.0,100.0,2017-03-17T01:38:22.769000
20060226,RURC2L_F,FRYING PAN - RUEDI RES. NR BASALT,11.6,294.0,90.3,55779.0,1455.0,100.0,2017-03-17T01:39:15.134000
20060227,RURC2L_F,FRYING PAN - RUEDI RES. NR BASALT,11.5,293.0,90.3,55601.0,646.0,100.0,2017-03-17T01:40:07.171000
20060228,RURC2L_F,FRYING PAN - RUEDI RES. NR BASALT,11.5,292.0,90.3,55372.0,-197.0,100.0,2017-03-17T01:40:59.833000
20060301,RURC2L_F,FRYING PAN - RUEDI RES. NR BASALT,11.5,293.0,90.3,55478.0,-506.0,100.0,2017-03-17T01:41:51.338000
20060302,RURC2L_F,FRYING PAN - RUEDI RES. NR BASALT,11.7,298.0,90.3,56496.0,414.0,100.0,2017-03-17T01:42:42.109000
20060303,RURC2L_F,FRYING PAN - RUEDI RES. NR BASALT,11.7,298.0,90.3,56500.0,486.0,100.0,2017-03-17T01:43:33.912000
20060304,RURC2L_F,FRYING PAN - RUEDI RES. NR BASALT,11.7,297.0,90.3,56227.0,327.0,100.0,2017-03-17T01:44:26.308000
20060305,RURC2L_F,FRYING PAN - RUEDI RES. NR BASALT,11.6,295.0,90.3,55959.0,180.0,100.0,2017-03-17T01:45:18.048000
20060306,RURC2L_F,FRYING PAN - RUEDI RES. NR BASALT,11.6,294.0,90.3,55785.0,184.0,100.0,2017-03-17T01:46:10.412000
20060307,RURC2L_F,FRYING PAN - RUEDI RES. NR BASALT,11.5,293.0,90.3,55476.0,104.0,100.0,2017-03-17T01:47:04.137000
20060308,RURC2L_F,FRYING PAN - RUEDI RES. NR BASALT,11.6,295.0,90.3,55902.0,424.0,100.0,2017-03-17T01:47:56.658000
20060309,RURC2L_F,FRYING PAN - RUEDI RES. NR BASALT,12.4,315.0,90.3,59649.0,3153.0,100.0,2017-03-17T01:48:51.304000
20060310,RURC2L_F,FRYING PAN - RUEDI RES. NR BASALT,12.7,321.0,90.3,60914.0,4414.0,100.0,2017-03-17T01:49:45.545000
20060311,RURC2L_F,FRYING PAN - RUEDI RES. NR BASALT,13.0,329.0,90.3,62395.0,6168.0,100.0,2017-03-17T01:50:38.472000
20060312,RURC2L_F,FRYING PAN - RUEDI RES. NR BASALT,13.1,333.0,90.3,63038.0,7079.0,100.0,2017-03-17T01:51:33.400000
20060313,RURC2L_F,FRYING PAN - RUEDI RES. NR BASALT,13.3,339.0,90.3,64234.0,8449.0,100.0,2017-03-17T01:52:28.171000
20060314,RURC2L_F,FRYING PAN - RUEDI RES. NR BASALT,13.5,344.0,90.3,65234.0,9758.0,100.0,2017-03-17T01:53:22.614000
20060315,RURC2L_F,FRYING PAN - RUEDI RES. NR BASALT,13.2,336.0,90.3,63596.0,7694.0,100.0,2017-03-17T01:54:17.667000
20060316,RURC2L_F,FRYING PAN - RUEDI RES. NR BASALT,13.3,337.0,90.3,63937.0,4288.0,100.0,2017-03-17T01:55:12.048000
20060317,RURC2L_F,FRYING PAN - RUEDI RES. NR BASALT,13.3,337.0,90.3,63844.0,2930.0,100.0,2017-03-17T01:56:05.725000
20060318,RURC2L_F,FRYING PAN - RUEDI RES. NR BASALT,13.2,336.0,90.3,63748.0,1353.0,100.0,2017-03-17T01:57:00.403000
20060319,RURC2L_F,FRYING PAN - RUEDI RES. NR BASALT,13.4,341.0,90.3,64637.0,1599.0,100.0,2017-03-17T01:57:55.471000
20060320,RURC2L_F,FRYING PAN - RUEDI RES. NR BASALT,13.5,342.0,90.3,64867.0,633.0,100.0,2017-03-17T01:58:51.290000
20060321,RURC2L_F,FRYING PAN - RUEDI RES. NR BASALT,13.8,351.0,90.3,66483.0,1249.0,100.0,2017-03-17T01:59:48.921000
20060322,RURC2L_F,FRYING PAN - RUEDI RES. NR BASALT,14.1,358.0,90.3,67798.0,4202.0,100.0,2017-03-17T02:00:46.520000
20060323,RURC2L_F,FRYING PAN - RUEDI RES. NR BASALT,14.2,360.0,90.3,68150.0,4213.0,100.0,2017-03-17T02:01:43.183000
20060324,RURC2L_F,FRYING PAN - RUEDI RES. NR BASALT,14.1,359.0,90.3,68102.0,4258.0,100.0,2017-03-17T02:02:39.282000
20060325,RURC2L_F,FRYING PAN - RUEDI RES. NR BASALT,14.1,359.0,90.3,67996.0,4248.0,100.0,2017-03-17T02:03:35.054000
20060326,RURC2L_F,FRYING PAN - RUEDI RES. NR BASALT,14.1,358.0,90.3,67806.0,3169.0,100.0,2017-03-17T02:04:30.325000
20060327,RURC2L_F,FRYING PAN - RUEDI RES. NR BASALT,14.2,360.0,90.3,68273.0,3406.0,100.0,2017-03-17T02:05:23.347000
20060328,RURC2L_F,FRYING PAN - RUEDI RES. NR BASALT,14.2,359.0,90.3,68141.0,1658.0,100.0,2017-03-17T02:06:14.743000
20060329,RURC2L_F,FRYING PAN - RUEDI RES. NR BASALT,14.1,359.0,90.3,68089.0,291.0,100.0,2017-03-17T02:07:05.357000
20060330,RURC2L_F,FRYING PAN - RUEDI RES. NR BASALT,14.3,362.0,90.3,68617.0,467.0,100.0,2017-03-17T02:07:57.113000
20060331,RURC2L_F,FRYING PAN - RUEDI RES. NR BASALT,14.8,376.0,90.3,71211.0,3109.0,100.0,2017-03-17T02:08:48.165000
20060401,RURC2L_F,FRYING PAN - RUEDI RES. NR BASALT,14.7,375.0,90.3,71002.0,3006.0,100.0,2017-03-17T02:09:38.936000
20060402,RURC2L_F,FRYING PAN - RUEDI RES. NR BASALT,14.9,377.0,90.3,71551.0,3745.0,100.0,2017-03-17T02:10:29.160000
20060403,RURC2L_F,FRYING PAN - RUEDI RES. NR BASALT,15.0,380.0,90.3,72061.0,3788.0,100.0,2017-03-17T02:11:19.556000
20060404,RURC2L_F,FRYING PAN - RUEDI RES. NR BASALT,14.9,378.0,90.3,71723.0,3582.0,100.0,2017-03-17T02:12:08.515000
20060405,RURC2L_F,FRYING PAN - RUEDI RES. NR BASALT,14.8,375.0,90.3,71174.0,3085.0,100.0,2017-03-17T02:12:57.957000
20060406,RURC2L_F,FRYING PAN - RUEDI RES. NR BASALT,14.7,373.0,90.3,70617.0,2000.0,100.0,2017-03-17T02:13:48.009000
20060407,RURC2L_F,FRYING PAN - RUEDI RES. NR BASALT,14.9,379.0,90.3,71758.0,547.0,100.0,2017-03-17T02:14:38.984000
20060408,RURC2L_F,FRYING PAN - RUEDI RES. NR BASALT,14.7,373.0,90.3,70705.0,-297.0,100.0,2017-03-17T02:15:29.551000
20060409,RURC2L_F,FRYING PAN - RUEDI RES. NR BASALT,14.5,368.0,90.3,69847.0,-1704.0,100.0,2017-03-17T02:16:16.963000
20060410,RURC2L_F,FRYING PAN - RUEDI RES. NR BASALT,14.2,361.0,90.3,68361.0,-3700.0,100.0,2017-03-17T02:17:04.827000
20060411,RURC2L_F,FRYING PAN - RUEDI RES. NR BASALT,13.3,338.0,90.3,64147.0,-7576.0,100.0,2017-03-17T02:17:53.551000
20060412,RURC2L_F,FRYING PAN - RUEDI RES. NR BASALT,13.4,339.0,90.3,64291.0,-6883.0,100.0,2017-03-17T02:18:41.197000
20060413,RURC2L_F,FRYING PAN - RUEDI RES. NR BASALT,13.1,332.0,90.3,62897.0,-7720.0,99.36,2017-03-17T02:19:29.327000
20060414,RURC2L_F,FRYING PAN - RUEDI RES. NR BASALT,12.4,315.0,90.3,59790.0,-11968.0,98.81,2017-03-17T02:20:16.675000
20060415,RURC2L_F,FRYING PAN - RUEDI RES. NR BASALT,11.9,303.0,90.3,57402.0,-13303.0,98.72,2017-03-17T02:21:04.587000
20060416,RURC2L_F,FRYING PAN - RUEDI RES. NR BASALT,11.9,302.0,90.3,57265.0,-12582.0,98.72,2017-03-17T02:21:53.045000
20060417,RURC2L_F,FRYING PAN - RUEDI RES. NR BASALT,11.7,296.0,90.3,56111.0,-12250.0,98.72,2017-03-17T02:22:42.003000
20060418,RURC2L_F,FRYING PAN - RUEDI RES. NR BASALT,11.0,279.0,90.3,52899.0,-11248.0,100.0,2017-03-17T02:23:31.024000
20060419,RURC2L_F,FRYING PAN - RUEDI RES. NR BASALT,11.2,285.0,90.3,53970.0,-10321.0,100.0,2017-03-17T02:24:20.201000
20060420,RURC2L_F,FRYING PAN - RUEDI RES. NR BASALT,11.1,283.0,90.3,53605.0,-9292.0,100.0,2017-03-17T02:25:07.925000
20060421,RURC2L_F,FRYING PAN - RUEDI RES. NR BASALT,11.0,280.0,90.3,53044.0,-6746.0,97.61,2017-03-17T02:25:54.508000
20060422,RURC2L_F,FRYING PAN - RUEDI RES. NR BASALT,10.5,266.0,90.3,50380.0,-7022.0,96.24,2017-03-17T02:26:42.732000
20060423,RURC2L_F,FRYING PAN - RUEDI RES. NR BASALT,9.7,248.0,90.3,46927.0,-10338.0,94.4,2017-03-17T02:27:30.549000
20060424,RURC2L_F,FRYING PAN - RUEDI RES. NR BASALT,9.2,234.0,90.3,44307.0,-11804.0,92.75,2017-03-17T02:28:18.883000
20060425,RURC2L_F,FRYING PAN - RUEDI RES. NR BASALT,8.9,227.0,90.3,43033.0,-9866.0,99.17,2017-03-17T02:29:07.856000
20060426,RURC2L_F,FRYING PAN - RUEDI RES. NR BASALT,8.8,222.0,90.3,42147.0,-11823.0,91.1,2017-03-17T02:29:54.955000
20060427,RURC2L_F,FRYING PAN - RUEDI RES. NR BASALT,8.5,215.0,90.3,40704.0,-12901.0,89.82,2017-03-17T02:30:42.085000
20060428,RURC2L_F,FRYING PAN - RUEDI RES. NR BASALT,7.6,192.0,90.3,36446.0,-16598.0,86.79,2017-03-17T02:31:28.949000
20060429,RURC2L_F,FRYING PAN - RUEDI RES. NR BASALT,7.3,186.0,90.3,35298.0,-15082.0,84.95,2017-03-17T02:32:15.548000
20060430,RURC2L_F,FRYING PAN - RUEDI RES. NR BASALT,7.2,183.0,90.3,34719.0,-12208.0,83.76,2017-03-17T02:33:02.240000
20060501,RURC2L_F,FRYING PAN - RUEDI RES. NR BASALT,7.1,180.0,90.3,34135.0,-10172.0,82.75,2017-03-17T02:33:49.527000
20060502,RURC2L_F,FRYING PAN - RUEDI RES. NR BASALT,6.9,174.0,90.3,33028.0,-10005.0,81.47,2017-03-17T02:34:35.657000
20060503,RURC2L_F,FRYING PAN - RUEDI RES. NR BASALT,6.5,165.0,90.3,31332.0,-10815.0,80.09,2017-03-17T02:35:21.724000
20060504,RURC2L_F,FRYING PAN - RUEDI RES. NR BASALT,6.1,154.0,90.3,29135.0,-11569.0,78.72,2017-03-17T02:36:09.245000
20060505,RURC2L_F,FRYING PAN - RUEDI RES. NR BASALT,5.7,145.0,90.3,27507.0,-8939.0,76.51,2017-03-17T02:36:56.234000
20060506,RURC2L_F,FRYING PAN - RUEDI RES. NR BASALT,5.5,138.0,90.3,26244.0,-9054.0,75.23,2017-03-17T02:37:44.005000
20060507,RURC2L_F,FRYING PAN - RUEDI RES. NR BASALT,5.3,135.0,90.3,25587.0,-9132.0,74.95,2017-03-17T02:38:29.900000
20060508,RURC2L_F,FRYING PAN - RUEDI RES. NR BASALT,5.2,132.0,90.3,25018.0,-9117.0,74.5,2017-03-17T02:39:15.389000
20060509,RURC2L_F,FRYING PAN - RUEDI RES. NR BASALT,5.0,127.0,90.3,24106.0,-8922.0,72.48,2017-03-17T02:40:02.457000
20060510,RURC2L_F,FRYING PAN - RUEDI RES. NR BASALT,4.9,125.0,90.3,23619.0,-7713.0,72.2,2017-03-17T02:40:49.290000
20060511,RURC2L_F,FRYING PAN - RUEDI RES. NR BASALT,5.0,127.0,90.3,24054.0,-5081.0,72.57,2017-03-17T02:41:35.951000
20060512,RURC2L_F,FRYING PAN - RUEDI RES. NR BASALT,4.8,123.0,90.3,23275.0,-4232.0,70.73,2017-03-17T02:42:21.784000
20060513,RURC2L_F,FRYING PAN - RUEDI RES. NR BASALT,4.5,115.0,90.3,21867.0,-4377.0,67.8,2017-03-17T02:43:08.445000
20060514,RURC2L_F,FRYING PAN - RUEDI RES. NR BASALT,4.1,104.0,90.3,19807.0,-5780.0,64.5,2017-03-17T02:43:54.278000
20060515,RURC2L_F,FRYING PAN - RUEDI RES. NR BASALT,3.7,93.0,90.3,17637.0,-7381.0,61.19,2017-03-17T02:44:42.049000
20060516,RURC2L_F,FRYING PAN - RUEDI RES. NR BASALT,3.3,85.0,90.3,16019.0,-8087.0,56.42,2017-03-17T02:45:27.132000
20060517,RURC2L_F,FRYING PAN - RUEDI RES. NR BASALT,3.0,75.0,90.3,14236.0,-9383.0,52.75,2017-03-17T02:46:12.746000
20060518,RURC2L_F,FRYING PAN - RUEDI RES. NR BASALT,2.6,66.0,90.3,12464.0,-11590.0,49.17,2017-03-17T02:46:59.188000
20060519,RURC2L_F,FRYING PAN - RUEDI RES. NR BASALT,2.2,57.0,90.3,10801.0,-12474.0,46.15,2017-03-17T02:47:44.037000
20060520,RURC2L_F,FRYING PAN - RUEDI RES. NR BASALT,1.9,48.0,90.3,9150.0,-12717.0,42.75,2017-03-17T02:48:28.276000
20060521,RURC2L_F,FRYING PAN - RUEDI RES. NR BASALT,1.6,41.0,90.3,7720.0,-12087.0,40.28,2017-03-17T02:49:13.202000
20060522,RURC2L_F,FRYING PAN - RUEDI RES. NR BASALT,1.3,33.0,90.3,6298.0,-11339.0,37.16,2017-03-17T02:49:58.957000
20060523,RURC2L_F,FRYING PAN - RUEDI RES. NR BASALT,1.0,25.0,90.3,4748.0,-11271.0,32.2,2017-03-17T02:50:43.978000
20060524,RURC2L_F,FRYING PAN - RUEDI RES. NR BASALT,0.9,22.0,90.3,4190.0,-10046.0,31.28,2017-03-17T02:51:29.123000
20060525,RURC2L_F,FRYING PAN - RUEDI RES. NR BASALT,0.8,19.0,90.3,3623.0,-8841.0,29.63,2017-03-17T02:52:14.362000
20060526,RURC2L_F,FRYING PAN - RUEDI RES. NR BASALT,0.6,15.0,90.3,2915.0,-7886.0,25.87,2017-03-17T02:52:59.320000
20060527,RURC2L_F,FRYING PAN - RUEDI RES. NR BASALT,0.5,12.0,90.3,2282.0,-6868.0,20.37,2017-03-17T02:53:44.825000
20060528,RURC2L_F,FRYING PAN - RUEDI RES. NR BASALT,0.4,9.0,90.3,1800.0,-5920.0,18.17,2017-03-17T02:54:31.408000
20060529,RURC2L_F,FRYING PAN - RUEDI RES. NR BASALT,0.3,9.0,90.3,1640.0,-4658.0,17.16,2017-03-17T02:55:17.835000
20060530,RURC2L_F,FRYING PAN - RUEDI RES. NR BASALT,0.3,8.0,90.3,1585.0,-3163.0,16.97,2017-03-17T02:56:04.684000
20060531,RURC2L_F,FRYING PAN - RUEDI RES. NR BASALT,0.3,7.0,90.3,1378.0,-2812.0,16.33,2017-03-17T02:56:51.079000
20060601,RURC2L_F,FRYING PAN - RUEDI RES. NR BASALT,0.2,4.0,90.3,842.0,-2781.0,13.76,2017-03-17T02:57:37.865000
20060602,RURC2L_F,FRYING PAN - RUEDI RES. NR BASALT,0.1,3.0,90.3,607.0,-2308.0,12.02,2017-03-17T02:58:23.604000
20060603,RURC2L_F,FRYING PAN - RUEDI RES. NR BASALT,0.1,2.0,90.3,386.0,-1896.0,7.61,2017-03-17T02:59:10.344000
20060604,RURC2L_F,FRYING PAN - RUEDI RES. NR BASALT,0.0,1.0,90.3,227.0,-1573.0,6.42,2017-03-17T02:59:56.177000
20060605,RURC2L_F,FRYING PAN - RUEDI RES. NR BASALT,0.0,1.0,90.3,119.0,-1521.0,4.59,2017-03-17T03:00:41.306000
20060606,RURC2L_F,FRYING PAN - RUEDI RES. NR BASALT,0.0,0.0,90.3,41.0,-1544.0,2.75,2017-03-17T03:01:26.124000
20060607,RURC2L_F,FRYING PAN - RUEDI RES. NR BASALT,0.0,0.0,90.3,2.0,-1376.0,0.28,2017-03-17T03:02:10.722000
20060608,RURC2L_F,FRYING PAN - RUEDI RES. NR BASALT,0.0,0.0,90.3,0.0,-842.0,0.0,2017-03-17T03:02:55.414000
20060609,RURC2L_F,FRYING PAN - RUEDI RES. NR BASALT,0.0,0.0,90.3,0.0,-607.0,0.0,2017-03-17T03:03:39.966000
20060610,RURC2L_F,FRYING PAN - RUEDI RES. NR BASALT,0.0,0.0,90.3,0.0,-386.0,0.0,2017-03-17T03:04:24.158000
20060611,RURC2L_F,FRYING PAN - RUEDI RES. NR BASALT,0.0,0.0,90.3,0.0,-227.0,0.0,2017-03-17T03:05:09.632000
20060612,RURC2L_F,FRYING PAN - RUEDI RES. NR BASALT,0.0,0.0,90.3,0.0,-119.0,0.0,2017-03-17T03:05:54.167000
20060613,RURC2L_F,FRYING PAN - RUEDI RES. NR BASALT,0.0,0.0,90.3,0.0,-41.0,0.0,2017-03-17T03:06:39.532000
20060614,RURC2L_F,FRYING PAN - RUEDI RES. NR BASALT,0.0,0.0,90.3,0.0,-2.0,0.0,2017-03-17T03:07:23.927000
20060615,RURC2L_F,FRYING PAN - RUEDI RES. NR BASALT,0.0,0.0,90.3,0.0,0.0,0.0,2017-03-17T03:08:09.088000
20060616,RURC2L_F,FRYING PAN - RUEDI RES. NR BASALT,0.0,0.0,90.3,0.0,0.0,0.0,2017-03-17T03:08:52.936000
20060617,RURC2L_F,FRYING PAN - RUEDI RES. NR BASALT,0.0,0.0,90.3,0.0,0.0,0.0,2017-03-17T03:09:37.644000
20060618,RURC2L_F,FRYING PAN - RUEDI RES. NR BASALT,0.0,0.0,90.3,0.0,0.0,0.0,2017-03-17T03:10:22.462000
20060619,RURC2L_F,FRYING PAN - RUEDI RES. NR BASALT,0.0,0.0,90.3,0.0,0.0,0.0,2017-03-17T03:11:06.186000
20060620,RURC2L_F,FRYING PAN - RUEDI RES. NR BASALT,0.0,0.0,90.3,0.0,0.0,0.0,2017-03-17T03:11:51.019000
20060621,RURC2L_F,FRYING PAN - RUEDI RES. NR BASALT,0.0,0.0,90.3,0.0,0.0,0.0,2017-03-17T03:12:35.289000
20060622,RURC2L_F,FRYING PAN - RUEDI RES. NR BASALT,0.0,0.0,90.3,0.0,0.0,0.0,2017-03-17T03:13:21.028000
20060623,RURC2L_F,FRYING PAN - RUEDI RES. NR BASALT,0.0,0.0,90.3,0.0,0.0,0.0,2017-03-17T03:14:06.611000
20060624,RURC2L_F,FRYING PAN - RUEDI RES. NR BASALT,0.0,0.0,90.3,0.0,0.0,0.0,2017-03-17T03:14:51.428000
20060625,RURC2L_F,FRYING PAN - RUEDI RES. NR BASALT,0.0,0.0,90.3,0.0,0.0,0.0,2017-03-17T03:15:37.011000
20060626,RURC2L_F,FRYING PAN - RUEDI RES. NR BASALT,0.0,0.0,90.3,0.0,0.0,0.0,2017-03-17T03:16:21.532000
20060627,RURC2L_F,FRYING PAN - RUEDI RES. NR BASALT,0.0,0.0,90.3,0.0,0.0,0.0,2017-03-17T03:17:06.193000
20060628,RURC2L_F,FRYING PAN - RUEDI RES. NR BASALT,0.0,0.0,90.3,0.0,0.0,0.0,2017-03-17T03:17:51.541000
20060629,RURC2L_F,FRYING PAN - RUEDI RES. NR BASALT,0.0,0.0,90.3,0.0,0.0,0.0,2017-03-17T03:18:35.421000
20060630,RURC2L_F,FRYING PAN - RUEDI RES. NR BASALT,0.0,0.0,90.3,0.0,0.0,0.0,2017-03-17T03:19:20.113000
20060701,RURC2L_F,FRYING PAN - RUEDI RES. NR BASALT,0.0,0.0,90.3,0.0,0.0,0.0,2017-03-17T03:20:05.243000
20060702,RURC2L_F,FRYING PAN - RUEDI RES. NR BASALT,0.0,0.0,90.3,0.0,0.0,0.0,2017-03-17T03:20:49.013000
20060703,RURC2L_F,FRYING PAN - RUEDI RES. NR BASALT,0.0,0.0,90.3,0.0,0.0,0.0,2017-03-17T03:21:32.846000
20060704,RURC2L_F,FRYING PAN - RUEDI RES. NR BASALT,0.0,0.0,90.3,0.0,0.0,0.0,2017-03-17T03:22:16.593000
20060705,RURC2L_F,FRYING PAN - RUEDI RES. NR BASALT,0.0,0.0,90.3,0.0,0.0,0.0,2017-03-17T03:23:01.973000
20060706,RURC2L_F,FRYING PAN - RUEDI RES. NR BASALT,0.0,0.0,90.3,0.0,0.0,0.0,2017-03-17T03:23:46.853000
20060707,RURC2L_F,FRYING PAN - RUEDI RES. NR BASALT,0.0,0.0,90.3,0.0,0.0,0.0,2017-03-17T03:24:31.858000
20060708,RURC2L_F,FRYING PAN - RUEDI RES. NR BASALT,0.0,0.0,90.3,0.0,0.0,0.0,2017-03-17T03:25:17.206000
20060709,RURC2L_F,FRYING PAN - RUEDI RES. NR BASALT,0.0,0.0,90.3,0.0,0.0,0.0,2017-03-17T03:26:01.164000
20060710,RURC2L_F,FRYING PAN - RUEDI RES. NR BASALT,0.0,0.0,90.3,0.0,0.0,0.0,2017-03-17T03:26:45.731000
20060711,RURC2L_F,FRYING PAN - RUEDI RES. NR BASALT,0.0,0.0,90.3,0.0,0.0,0.0,2017-03-17T03:27:31.330000
20060712,RURC2L_F,FRYING PAN - RUEDI RES. NR BASALT,0.0,0.0,90.3,0.0,0.0,0.0,2017-03-17T03:28:15.897000
20060713,RURC2L_F,FRYING PAN - RUEDI RES. NR BASALT,0.0,0.0,90.3,0.0,0.0,0.0,2017-03-17T03:29:00.995000
20060714,RURC2L_F,FRYING PAN - RUEDI RES. NR BASALT,0.0,0.0,90.3,0.0,0.0,0.0,2017-03-17T03:29:47.156000
20060715,RURC2L_F,FRYING PAN - RUEDI RES. NR BASALT,0.0,0.0,90.3,0.0,0.0,0.0,2017-03-17T03:30:33.208000
20060716,RURC2L_F,FRYING PAN - RUEDI RES. NR BASALT,0.0,0.0,90.3,0.0,0.0,0.0,2017-03-17T03:31:16.885000
20060717,RURC2L_F,FRYING PAN - RUEDI RES. NR BASALT,0.0,0.0,90.3,0.0,0.0,0.0,2017-03-17T03:32:01.155000
20060718,RURC2L_F,FRYING PAN - RUEDI RES. NR BASALT,0.0,0.0,90.3,0.0,0.0,0.0,2017-03-17T03:32:44.894000
20060719,RURC2L_F,FRYING PAN - RUEDI RES. NR BASALT,0.0,0.0,90.3,0.0,0.0,0.0,2017-03-17T03:33:29.914000
20060720,RURC2L_F,FRYING PAN - RUEDI RES. NR BASALT,0.0,0.0,90.3,0.0,0.0,0.0,2017-03-17T03:34:14.106000
20060721,RURC2L_F,FRYING PAN - RUEDI RES. NR BASALT,0.0,0.0,90.3,0.0,0.0,0.0,2017-03-17T03:34:58.970000
20060722,RURC2L_F,FRYING PAN - RUEDI RES. NR BASALT,0.0,0.0,90.3,0.0,0.0,0.0,2017-03-17T03:35:44.382000
20060723,RURC2L_F,FRYING PAN - RUEDI RES. NR BASALT,0.0,0.0,90.3,0.0,0.0,0.0,2017-03-17T03:36:28.433000
20060724,RURC2L_F,FRYING PAN - RUEDI RES. NR BASALT,0.0,0.0,90.3,0.0,0.0,0.0,2017-03-17T03:37:12.250000
20060725,RURC2L_F,FRYING PAN - RUEDI RES. NR BASALT,0.0,0.0,90.3,0.0,0.0,0.0,2017-03-17T03:37:57.114000
20060726,RURC2L_F,FRYING PAN - RUEDI RES. NR BASALT,0.0,0.0,90.3,0.0,0.0,0.0,2017-03-17T03:38:41.744000
20060727,RURC2L_F,FRYING PAN - RUEDI RES. NR BASALT,0.0,0.0,90.3,0.0,0.0,0.0,2017-03-17T03:39:27.264000
20060728,RURC2L_F,FRYING PAN - RUEDI RES. NR BASALT,0.0,0.0,90.3,0.0,0.0,0.0,2017-03-17T03:40:12.238000
20060729,RURC2L_F,FRYING PAN - RUEDI RES. NR BASALT,0.0,0.0,90.3,0.0,0.0,0.0,2017-03-17T03:40:58.993000
20060730,RURC2L_F,FRYING PAN - RUEDI RES. NR BASALT,0.0,0.0,90.3,0.0,0.0,0.0,2017-03-17T03:41:44.592000
20060731,RURC2L_F,FRYING PAN - RUEDI RES. NR BASALT,0.0,0.0,90.3,0.0,0.0,0.0,2017-03-17T03:42:29.956000
20060801,RURC2L_F,FRYING PAN - RUEDI RES. NR BASALT,0.0,0.0,90.3,0.0,0.0,0.0,2017-03-17T03:43:15.211000
20060802,RURC2L_F,FRYING PAN - RUEDI RES. NR BASALT,0.0,0.0,90.3,0.0,0.0,0.0,2017-03-17T03:43:59.715000
20060803,RURC2L_F,FRYING PAN - RUEDI RES. NR BASALT,0.0,0.0,90.3,0.0,0.0,0.0,2017-03-17T03:44:44.704000
20060804,RURC2L_F,FRYING PAN - RUEDI RES. NR BASALT,0.0,0.0,90.3,0.0,0.0,0.0,2017-03-17T03:45:29.631000
20060805,RURC2L_F,FRYING PAN - RUEDI RES. NR BASALT,0.0,0.0,90.3,0.0,0.0,0.0,2017-03-17T03:46:14.526000
20060806,RURC2L_F,FRYING PAN - RUEDI RES. NR BASALT,0.0,0.0,90.3,0.0,0.0,0.0,2017-03-17T03:46:58.859000
20060807,RURC2L_F,FRYING PAN - RUEDI RES. NR BASALT,0.0,0.0,90.3,0.0,0.0,0.0,2017-03-17T03:47:43.426000
20060808,RURC2L_F,FRYING PAN - RUEDI RES. NR BASALT,0.0,0.0,90.3,0.0,0.0,0.0,2017-03-17T03:48:29.275000
20060809,RURC2L_F,FRYING PAN - RUEDI RES. NR BASALT,0.0,0.0,90.3,0.0,0.0,0.0,2017-03-17T03:49:14.092000
20060810,RURC2L_F,FRYING PAN - RUEDI RES. NR BASALT,0.0,0.0,90.3,0.0,0.0,0.0,2017-03-17T03:49:59.659000
20060811,RURC2L_F,FRYING PAN - RUEDI RES. NR BASALT,0.0,0.0,90.3,0.0,0.0,0.0,2017-03-17T03:50:43.867000
20060812,RURC2L_F,FRYING PAN - RUEDI RES. NR BASALT,0.0,0.0,90.3,0.0,0.0,0.0,2017-03-17T03:51:28.731000
20060813,RURC2L_F,FRYING PAN - RUEDI RES. NR BASALT,0.0,0.0,90.3,0.0,0.0,0.0,2017-03-17T03:52:14.002000
20060814,RURC2L_F,FRYING PAN - RUEDI RES. NR BASALT,0.0,0.0,90.3,0.0,0.0,0.0,2017-03-17T03:52:58.381000
20060815,RURC2L_F,FRYING PAN - RUEDI RES. NR BASALT,0.0,0.0,90.3,0.0,0.0,0.0,2017-03-17T03:53:43.355000
20060816,RURC2L_F,FRYING PAN - RUEDI RES. NR BASALT,0.0,0.0,90.3,0.0,0.0,0.0,2017-03-17T03:54:26.938000
20060817,RURC2L_F,FRYING PAN - RUEDI RES. NR BASALT,0.0,0.0,90.3,0.0,0.0,0.0,2017-03-17T03:55:11.067000
20060818,RURC2L_F,FRYING PAN - RUEDI RES. NR BASALT,0.0,0.0,90.3,0.0,0.0,0.0,2017-03-17T03:55:55.338000
20060819,RURC2L_F,FRYING PAN - RUEDI RES. NR BASALT,0.0,0.0,90.3,0.0,0.0,0.0,2017-03-17T03:56:40.936000
20060820,RURC2L_F,FRYING PAN - RUEDI RES. NR BASALT,0.0,0.0,90.3,0.0,0.0,0.0,2017-03-17T03:57:25.128000
20060821,RURC2L_F,FRYING PAN - RUEDI RES. NR BASALT,0.0,0.0,90.3,0.0,0.0,0.0,2017-03-17T03:58:08.633000
20060822,RURC2L_F,FRYING PAN - RUEDI RES. NR BASALT,0.0,0.0,90.3,0.0,0.0,0.0,2017-03-17T03:58:51.122000
20060823,RURC2L_F,FRYING PAN - RUEDI RES. NR BASALT,0.0,0.0,90.3,0.0,0.0,0.0,2017-03-17T03:59:35.876000
20060824,RURC2L_F,FRYING PAN - RUEDI RES. NR BASALT,0.0,0.0,90.3,0.0,0.0,0.0,2017-03-17T04:00:19.287000
20060825,RURC2L_F,FRYING PAN - RUEDI RES. NR BASALT,0.0,0.0,90.3,0.0,0.0,0.0,2017-03-17T04:01:03.229000
20060828,RURC2L_F,FRYING PAN - RUEDI RES. NR BASALT,0.0,0.0,90.3,0.0,0.0,0.0,2017-03-17T04:01:48.062000
20060829,RURC2L_F,FRYING PAN - RUEDI RES. NR BASALT,0.0,0.0,90.3,0.0,0.0,0.0,2017-03-17T04:02:33.880000
20060830,RURC2L_F,FRYING PAN - RUEDI RES. NR BASALT,0.0,0.0,90.3,0.0,0.0,0.0,2017-03-17T04:03:19.931000
20060831,RURC2L_F,FRYING PAN - RUEDI RES. NR BASALT,0.0,0.0,90.3,0.0,0.0,0.0,2017-03-17T04:04:04.748000
20060901,RURC2L_F,FRYING PAN - RUEDI RES. NR BASALT,0.0,0.0,90.3,0.0,0.0,0.0,2017-03-17T04:04:48.753000
20060902,RURC2L_F,FRYING PAN - RUEDI RES. NR BASALT,0.0,0.0,90.3,0.0,NULL,0.0,2017-03-17T04:05:34.274000
20060903,RURC2L_F,FRYING PAN - RUEDI RES. NR BASALT,0.0,0.0,90.3,0.0,NULL,0.0,2017-03-17T04:06:18.044000
20060904,RURC2L_F,FRYING PAN - RUEDI RES. NR BASALT,0.0,0.0,90.3,0.0,0.0,0.0,2017-03-17T04:07:02.267000
20060905,RURC2L_F,FRYING PAN - RUEDI RES. NR BASALT,0.0,0.0,90.3,0.0,0.0,0.0,2017-03-17T04:07:47.069000
20060906,RURC2L_F,FRYING PAN - RUEDI RES. NR BASALT,0.0,0.0,90.3,0.0,0.0,0.0,2017-03-17T04:08:30.527000
20060907,RURC2L_F,FRYING PAN - RUEDI RES. NR BASALT,0.0,0.0,90.3,0.0,0.0,0.0,2017-03-17T04:09:14.656000
20060909,RURC2L_F,FRYING PAN - RUEDI RES. NR BASALT,0.0,0.0,90.3,0.0,0.0,0.0,2017-03-17T04:09:58.583000
20060910,RURC2L_F,FRYING PAN - RUEDI RES. NR BASALT,0.0,0.0,90.3,0.0,0.0,0.0,2017-03-17T04:10:42.681000
20060911,RURC2L_F,FRYING PAN - RUEDI RES. NR BASALT,0.0,0.0,90.3,0.0,0.0,0.0,2017-03-17T04:11:27.076000
20060912,RURC2L_F,FRYING PAN - RUEDI RES. NR BASALT,0.0,0.0,90.3,0.0,0.0,0.0,2017-03-17T04:12:11.128000
20060913,RURC2L_F,FRYING PAN - RUEDI RES. NR BASALT,0.0,0.0,90.3,0.0,0.0,0.0,2017-03-17T04:12:56.148000
20060914,RURC2L_F,FRYING PAN - RUEDI RES. NR BASALT,0.0,0.0,90.3,0.0,0.0,0.0,2017-03-17T04:13:41.091000
20060915,RURC2L_F,FRYING PAN - RUEDI RES. NR BASALT,0.0,0.0,90.3,0.0,NULL,0.0,2017-03-17T04:14:24.830000
20060916,RURC2L_F,FRYING PAN - RUEDI RES. NR BASALT,0.0,0.0,90.3,3.0,3.0,1.74,2017-03-17T04:15:08.990000
20060917,RURC2L_F,FRYING PAN - RUEDI RES. NR BASALT,0.0,0.0,90.3,51.0,51.0,22.66,2017-03-17T04:15:56.917000
20060918,RURC2L_F,FRYING PAN - RUEDI RES. NR BASALT,0.0,0.0,90.3,42.0,42.0,18.72,2017-03-17T04:16:42.281000
20060919,RURC2L_F,FRYING PAN - RUEDI RES. NR BASALT,0.0,0.0,90.3,2.0,2.0,1.19,2017-03-17T04:17:26.942000
20060920,RURC2L_F,FRYING PAN - RUEDI RES. NR BASALT,0.0,0.0,90.3,0.0,0.0,0.0,2017-03-17T04:18:11.056000
20060921,RURC2L_F,FRYING PAN - RUEDI RES. NR BASALT,0.1,3.0,90.3,515.0,515.0,94.31,2017-03-17T04:18:55.155000
20060922,RURC2L_F,FRYING PAN - RUEDI RES. NR BASALT,1.1,28.0,90.3,5278.0,5278.0,100.0,2017-03-17T04:19:40.894000
20060923,RURC2L_F,FRYING PAN - RUEDI RES. NR BASALT,2.2,55.0,90.3,10443.0,10440.0,100.0,2017-03-17T04:20:27.930000
20060924,RURC2L_F,FRYING PAN - RUEDI RES. NR BASALT,2.2,56.0,90.3,10642.0,10591.0,100.0,2017-03-17T04:21:13.826000
20060925,RURC2L_F,FRYING PAN - RUEDI RES. NR BASALT,2.1,53.0,90.3,10002.0,9960.0,100.0,2017-03-17T04:21:58.518000
20060926,RURC2L_F,FRYING PAN - RUEDI RES. NR BASALT,1.8,45.0,90.3,8593.0,8591.0,99.91,2017-03-17T04:22:42.163000
20060927,RURC2L_F,FRYING PAN - RUEDI RES. NR BASALT,1.2,32.0,90.3,5974.0,5974.0,96.79,2017-03-17T04:23:26.449000
20060928,RURC2L_F,FRYING PAN - RUEDI RES. NR BASALT,0.8,21.0,90.3,3944.0,3429.0,88.26,2017-03-17T04:24:09.985000
20060929,RURC2L_F,FRYING PAN - RUEDI RES. NR BASALT,0.4,11.0,90.3,2063.0,-3215.0,73.94,2017-03-17T04:24:54.911000
20061002,RURC2L_F,FRYING PAN - RUEDI RES. NR BASALT,0.0,0.0,90.3,30.0,-9972.0,5.23,2017-03-17T04:25:39.572000
20061003,RURC2L_F,FRYING PAN - RUEDI RES. NR BASALT,0.0,0.0,90.3,0.0,-8593.0,0.0,2017-03-17T04:26:23.499000
20061004,RURC2L_F,FRYING PAN - RUEDI RES. NR BASALT,0.0,0.0,90.3,0.0,-5974.0,0.0,2017-03-17T04:27:08.191000
20061005,RURC2L_F,FRYING PAN - RUEDI RES. NR BASALT,0.0,0.0,90.3,0.0,-3944.0,0.0,2017-03-17T04:27:51.743000
20061006,RURC2L_F,FRYING PAN - RUEDI RES. NR BASALT,0.0,0.0,90.3,0.0,-2063.0,0.0,2017-03-17T04:28:35.575000
20061007,RURC2L_F,FRYING PAN - RUEDI RES. NR BASALT,0.0,0.0,90.3,0.0,NULL,0.0,2017-03-17T04:29:19.861000
20061008,RURC2L_F,FRYING PAN - RUEDI RES. NR BASALT,0.0,0.0,90.3,0.0,NULL,0.0,2017-03-17T04:30:03.163000
20061009,RURC2L_F,FRYING PAN - RUEDI RES. NR BASALT,0.0,0.0,90.3,0.0,-30.0,0.0,2017-03-17T04:30:46.949000
20061010,RURC2L_F,FRYING PAN - RUEDI RES. NR BASALT,0.1,2.0,90.3,439.0,439.0,48.44,2017-03-17T04:31:31.172000
20061011,RURC2L_F,FRYING PAN - RUEDI RES. NR BASALT,0.4,11.0,90.3,2156.0,2156.0,100.0,2017-03-17T04:32:16.661000
20061012,RURC2L_F,FRYING PAN - RUEDI RES. NR BASALT,0.4,10.0,90.3,1834.0,1834.0,86.15,2017-03-17T04:33:02.400000
20061013,RURC2L_F,FRYING PAN - RUEDI RES. NR BASALT,0.3,7.0,90.3,1365.0,1365.0,70.64,2017-03-17T04:33:48.546000
20061014,RURC2L_F,FRYING PAN - RUEDI RES. NR BASALT,0.2,5.0,90.3,859.0,859.0,51.1,2017-03-17T04:34:33.894000
20061015,RURC2L_F,FRYING PAN - RUEDI RES. NR BASALT,0.1,3.0,90.3,646.0,646.0,43.58,2017-03-17T04:35:18.071000
20061016,RURC2L_F,FRYING PAN - RUEDI RES. NR BASALT,0.1,2.0,90.3,420.0,420.0,29.45,2017-03-17T04:36:02.919000
20061017,RURC2L_F,FRYING PAN - RUEDI RES. NR BASALT,0.1,2.0,90.3,376.0,-63.0,25.05,2017-03-17T04:36:51.003000
20061018,RURC2L_F,FRYING PAN - RUEDI RES. NR BASALT,0.4,11.0,90.3,2095.0,-61.0,100.0,2017-03-17T04:37:39.523000
20061019,RURC2L_F,FRYING PAN - RUEDI RES. NR BASALT,0.6,15.0,90.3,2829.0,995.0,100.0,2017-03-17T04:38:27.935000
20061020,RURC2L_F,FRYING PAN - RUEDI RES. NR BASALT,0.6,15.0,90.3,2914.0,1549.0,100.0,2017-03-17T04:39:17.284000
20061021,RURC2L_F,FRYING PAN - RUEDI RES. NR BASALT,1.2,31.0,90.3,5874.0,5015.0,100.0,2017-03-17T04:40:05.164000
20061022,RURC2L_F,FRYING PAN - RUEDI RES. NR BASALT,2.0,51.0,90.3,9759.0,9113.0,100.0,2017-03-17T04:40:52.762000
20061023,RURC2L_F,FRYING PAN - RUEDI RES. NR BASALT,2.2,55.0,90.3,10423.0,10003.0,100.0,2017-03-17T04:41:40.392000
20061024,RURC2L_F,FRYING PAN - RUEDI RES. NR BASALT,1.3,34.0,90.3,6467.0,6091.0,100.0,2017-03-17T04:42:27.585000
20061025,RURC2L_F,FRYING PAN - RUEDI RES. NR BASALT,1.1,29.0,90.3,5489.0,3394.0,99.63,2017-03-17T04:43:14.027000
20061026,RURC2L_F,FRYING PAN - RUEDI RES. NR BASALT,1.1,29.0,90.3,5501.0,2672.0,100.0,2017-03-17T04:44:00.704000
20061027,RURC2L_F,FRYING PAN - RUEDI RES. NR BASALT,2.2,56.0,90.3,10619.0,7705.0,100.0,2017-03-17T04:44:47.318000
20061028,RURC2L_F,FRYING PAN - RUEDI RES. NR BASALT,1.7,42.0,90.3,8014.0,2140.0,100.0,2017-03-17T04:45:33.933000
20061029,RURC2L_F,FRYING PAN - RUEDI RES. NR BASALT,1.6,40.0,90.3,7645.0,-2114.0,100.0,2017-03-17T04:46:19.516000
20061030,RURC2L_F,FRYING PAN - RUEDI RES. NR BASALT,1.4,36.0,90.3,6868.0,-3555.0,94.31,2017-03-17T04:47:05.192000
20061031,RURC2L_F,FRYING PAN - RUEDI RES. NR BASALT,1.3,34.0,90.3,6476.0,9.0,91.1,2017-03-17T04:47:50.963000
20061101,RURC2L_F,FRYING PAN - RUEDI RES. NR BASALT,1.3,33.0,90.3,6219.0,730.0,87.06,2017-03-17T04:48:36.077000
20061102,RURC2L_F,FRYING PAN - RUEDI RES. NR BASALT,1.3,32.0,90.3,6120.0,619.0,86.7,2017-03-17T04:49:22.160000
20061103,RURC2L_F,FRYING PAN - RUEDI RES. NR BASALT,1.2,31.0,90.3,5957.0,-4662.0,85.23,2017-03-17T04:50:08.837000
20061104,RURC2L_F,FRYING PAN - RUEDI RES. NR BASALT,1.2,30.0,90.3,5651.0,-2363.0,83.21,2017-03-17T04:50:54.716000
20061105,RURC2L_F,FRYING PAN - RUEDI RES. NR BASALT,1.2,29.0,90.3,5557.0,-2088.0,81.83,2017-03-17T04:51:39.612000
20061106,RURC2L_F,FRYING PAN - RUEDI RES. NR BASALT,1.1,29.0,90.3,5498.0,-1370.0,80.18,2017-03-17T04:52:25.773000
20061107,RURC2L_F,FRYING PAN - RUEDI RES. NR BASALT,1.1,28.0,90.3,5255.0,-1221.0,76.97,2017-03-17T04:53:11.981000
20061108,RURC2L_F,FRYING PAN - RUEDI RES. NR BASALT,0.8,20.0,90.3,3796.0,-2423.0,69.82,2017-03-17T04:53:57.580000
20061109,RURC2L_F,FRYING PAN - RUEDI RES. NR BASALT,0.5,13.0,90.3,2408.0,-3712.0,62.11,2017-03-17T04:54:41.803000
20061110,RURC2L_F,FRYING PAN - RUEDI RES. NR BASALT,0.4,11.0,90.3,2054.0,-3903.0,97.71,2017-03-17T04:55:27.761000
20061111,RURC2L_F,FRYING PAN - RUEDI RES. NR BASALT,0.4,11.0,90.3,2057.0,-3594.0,94.22,2017-03-17T04:56:14.703000
20061112,RURC2L_F,FRYING PAN - RUEDI RES. NR BASALT,0.4,10.0,90.3,1843.0,-3714.0,55.32,2017-03-17T04:57:04.318000
20061113,RURC2L_F,FRYING PAN - RUEDI RES. NR BASALT,0.7,18.0,90.3,3386.0,-2112.0,100.0,2017-03-17T04:57:52.667000
20061114,RURC2L_F,FRYING PAN - RUEDI RES. NR BASALT,0.8,20.0,90.3,3869.0,-1386.0,100.0,2017-03-17T04:58:42.188000
20061115,RURC2L_F,FRYING PAN - RUEDI RES. NR BASALT,1.7,42.0,90.3,7979.0,4183.0,100.0,2017-03-17T04:59:31.021000
20061116,RURC2L_F,FRYING PAN - RUEDI RES. NR BASALT,2.5,64.0,90.3,12171.0,9763.0,100.0,2017-03-17T05:00:19.557000
20061117,RURC2L_F,FRYING PAN - RUEDI RES. NR BASALT,2.5,64.0,90.3,12040.0,9986.0,100.0,2017-03-17T05:01:07.687000
20061118,RURC2L_F,FRYING PAN - RUEDI RES. NR BASALT,2.5,63.0,90.3,11948.0,9891.0,100.0,2017-03-17T05:01:54.536000
20061119,RURC2L_F,FRYING PAN - RUEDI RES. NR BASALT,2.5,63.0,90.3,11862.0,10019.0,100.0,2017-03-17T05:02:40.854000
20061120,RURC2L_F,FRYING PAN - RUEDI RES. NR BASALT,2.4,62.0,90.3,11762.0,8376.0,100.0,2017-03-17T05:03:29.140000
20061121,RURC2L_F,FRYING PAN - RUEDI RES. NR BASALT,2.3,59.0,90.3,11202.0,7333.0,100.0,2017-03-17T05:04:15.551000
20061122,RURC2L_F,FRYING PAN - RUEDI RES. NR BASALT,2.2,55.0,90.3,10478.0,2499.0,100.0,2017-03-17T05:05:01.994000
20061123,RURC2L_F,FRYING PAN - RUEDI RES. NR BASALT,2.0,50.0,90.3,9465.0,-2706.0,100.0,2017-03-17T05:05:48.577000
20061124,RURC2L_F,FRYING PAN - RUEDI RES. NR BASALT,1.8,45.0,90.3,8607.0,-3433.0,100.0,2017-03-17T05:06:34.785000
20061125,RURC2L_F,FRYING PAN - RUEDI RES. NR BASALT,1.8,45.0,90.3,8469.0,-3479.0,99.91,2017-03-17T05:07:20.524000
20061126,RURC2L_F,FRYING PAN - RUEDI RES. NR BASALT,1.8,45.0,90.3,8487.0,-3375.0,99.54,2017-03-17T05:08:07.513000
20061127,RURC2L_F,FRYING PAN - RUEDI RES. NR BASALT,1.8,45.0,90.3,8449.0,-3313.0,99.54,2017-03-17T05:08:55.596000
20061128,RURC2L_F,FRYING PAN - RUEDI RES. NR BASALT,2.3,59.0,90.3,11210.0,8.0,100.0,2017-03-17T05:09:44.273000
20061129,RURC2L_F,FRYING PAN - RUEDI RES. NR BASALT,3.1,80.0,90.3,15139.0,4661.0,100.0,2017-03-17T05:10:33.185000
20061130,RURC2L_F,FRYING PAN - RUEDI RES. NR BASALT,3.3,85.0,90.3,16128.0,6663.0,100.0,2017-03-17T05:11:24.128000
20061201,RURC2L_F,FRYING PAN - RUEDI RES. NR BASALT,3.3,85.0,90.3,16100.0,7493.0,100.0,2017-03-17T05:12:16.493000
20061202,RURC2L_F,FRYING PAN - RUEDI RES. NR BASALT,3.5,90.0,90.3,17039.0,8570.0,100.0,2017-03-17T05:13:10.701000
20061203,RURC2L_F,FRYING PAN - RUEDI RES. NR BASALT,3.6,92.0,90.3,17533.0,9046.0,100.0,2017-03-17T05:14:02.332000
20061204,RURC2L_F,FRYING PAN - RUEDI RES. NR BASALT,3.6,92.0,90.3,17485.0,9036.0,100.0,2017-03-17T05:14:53.525000
20061205,RURC2L_F,FRYING PAN - RUEDI RES. NR BASALT,3.6,92.0,90.3,17398.0,6188.0,100.0,2017-03-17T05:15:45.889000
20061206,RURC2L_F,FRYING PAN - RUEDI RES. NR BASALT,3.6,91.0,90.3,17273.0,2134.0,100.0,2017-03-17T05:16:38.004000
20061207,RURC2L_F,FRYING PAN - RUEDI RES. NR BASALT,3.6,91.0,90.3,17215.0,1087.0,100.0,2017-03-17T05:17:28.541000
20061208,RURC2L_F,FRYING PAN - RUEDI RES. NR BASALT,3.6,91.0,90.3,17175.0,1075.0,100.0,2017-03-17T05:18:20.390000
20061209,RURC2L_F,FRYING PAN - RUEDI RES. NR BASALT,3.6,90.0,90.3,17129.0,90.0,100.0,2017-03-17T05:19:10.708000
20061210,RURC2L_F,FRYING PAN - RUEDI RES. NR BASALT,3.5,90.0,90.3,17027.0,-506.0,100.0,2017-03-17T05:20:02.198000
20061211,RURC2L_F,FRYING PAN - RUEDI RES. NR BASALT,3.6,91.0,90.3,17316.0,-169.0,100.0,2017-03-17T05:20:53.563000
20061212,RURC2L_F,FRYING PAN - RUEDI RES. NR BASALT,4.0,101.0,90.3,19171.0,1773.0,100.0,2017-03-17T05:21:44.052000
20061213,RURC2L_F,FRYING PAN - RUEDI RES. NR BASALT,4.0,102.0,90.3,19264.0,1991.0,100.0,2017-03-17T05:22:34.089000
20061214,RURC2L_F,FRYING PAN - RUEDI RES. NR BASALT,4.0,102.0,90.3,19268.0,2053.0,100.0,2017-03-17T05:23:24.953000
20061215,RURC2L_F,FRYING PAN - RUEDI RES. NR BASALT,4.0,101.0,90.3,19226.0,2051.0,100.0,2017-03-17T05:24:14.224000
20061216,RURC2L_F,FRYING PAN - RUEDI RES. NR BASALT,3.8,96.0,90.3,18129.0,1000.0,100.0,2017-03-17T05:25:03.292000
20061217,RURC2L_F,FRYING PAN - RUEDI RES. NR BASALT,3.7,95.0,90.3,17943.0,916.0,100.0,2017-03-17T05:25:51.250000
20061218,RURC2L_F,FRYING PAN - RUEDI RES. NR BASALT,4.0,100.0,90.3,19044.0,1728.0,100.0,2017-03-17T05:26:38.786000
20061219,RURC2L_F,FRYING PAN - RUEDI RES. NR BASALT,4.0,101.0,90.3,19187.0,16.0,100.0,2017-03-17T05:27:26.463000
20061220,RURC2L_F,FRYING PAN - RUEDI RES. NR BASALT,4.1,104.0,90.3,19690.0,426.0,100.0,2017-03-17T05:28:15.812000
20061221,RURC2L_F,FRYING PAN - RUEDI RES. NR BASALT,4.4,113.0,90.3,21413.0,2145.0,100.0,2017-03-17T05:29:06.786000
20061222,RURC2L_F,FRYING PAN - RUEDI RES. NR BASALT,4.7,120.0,90.3,22689.0,3463.0,100.0,2017-03-17T05:29:59.401000
20061223,RURC2L_F,FRYING PAN - RUEDI RES. NR BASALT,4.7,119.0,90.3,22637.0,4508.0,100.0,2017-03-17T05:30:51.923000
20061224,RURC2L_F,FRYING PAN - RUEDI RES. NR BASALT,4.7,119.0,90.3,22629.0,4686.0,100.0,2017-03-17T05:31:43.881000
20061225,RURC2L_F,FRYING PAN - RUEDI RES. NR BASALT,4.9,125.0,90.3,23649.0,4605.0,100.0,2017-03-17T05:32:35.621000
20061226,RURC2L_F,FRYING PAN - RUEDI RES. NR BASALT,4.9,124.0,90.3,23569.0,4382.0,100.0,2017-03-17T05:33:27.876000
20061227,RURC2L_F,FRYING PAN - RUEDI RES. NR BASALT,4.9,124.0,90.3,23449.0,3759.0,100.0,2017-03-17T05:34:19.897000
20061228,RURC2L_F,FRYING PAN - RUEDI RES. NR BASALT,4.5,114.0,90.3,21671.0,258.0,100.0,2017-03-17T05:35:13.075000
20061229,RURC2L_F,FRYING PAN - RUEDI RES. NR BASALT,4.5,115.0,90.3,21825.0,-864.0,100.0,2017-03-17T05:36:05.940000
20061230,RURC2L_F,FRYING PAN - RUEDI RES. NR BASALT,4.6,117.0,90.3,22086.0,-551.0,100.0,2017-03-17T05:36:57.899000
20061231,RURC2L_F,FRYING PAN - RUEDI RES. NR BASALT,4.6,116.0,90.3,22000.0,-629.0,100.0,2017-03-17T05:37:50.983000
20070101,RURC2L_F,FRYING PAN - RUEDI RES. NR BASALT,4.6,116.0,90.3,21923.0,-1726.0,100.0,2017-03-17T09:02:16.151000
20070102,RURC2L_F,FRYING PAN - RUEDI RES. NR BASALT,4.5,115.0,90.3,21851.0,-1718.0,100.0,2017-03-17T09:03:10.606000
20070103,RURC2L_F,FRYING PAN - RUEDI RES. NR BASALT,4.5,115.0,90.3,21789.0,-1660.0,100.0,2017-03-17T09:04:05.457000
20070104,RURC2L_F,FRYING PAN - RUEDI RES. NR BASALT,4.6,116.0,90.3,21913.0,242.0,100.0,2017-03-17T09:05:01.988000
20070105,RURC2L_F,FRYING PAN - RUEDI RES. NR BASALT,4.7,118.0,90.3,22391.0,566.0,100.0,2017-03-17T09:05:55.503000
20070106,RURC2L_F,FRYING PAN - RUEDI RES. NR BASALT,5.2,131.0,90.3,24893.0,2807.0,100.0,2017-03-17T09:06:47.598000
20070107,RURC2L_F,FRYING PAN - RUEDI RES. NR BASALT,5.2,132.0,90.3,25060.0,3060.0,100.0,2017-03-17T09:07:38.870000
20070108,RURC2L_F,FRYING PAN - RUEDI RES. NR BASALT,5.2,132.0,90.3,25069.0,3146.0,100.0,2017-03-17T09:08:32.169000
20070109,RURC2L_F,FRYING PAN - RUEDI RES. NR BASALT,5.2,132.0,90.3,25091.0,3240.0,100.0,2017-03-17T09:09:25.002000
20070110,RURC2L_F,FRYING PAN - RUEDI RES. NR BASALT,5.2,132.0,90.3,24986.0,3197.0,100.0,2017-03-17T09:10:18.107000
20070111,RURC2L_F,FRYING PAN - RUEDI RES. NR BASALT,5.2,131.0,90.3,24806.0,2893.0,100.0,2017-03-17T09:11:09.756000
20070112,RURC2L_F,FRYING PAN - RUEDI RES. NR BASALT,5.1,130.0,90.3,24625.0,2234.0,100.0,2017-03-17T09:12:00.834000
20070113,RURC2L_F,FRYING PAN - RUEDI RES. NR BASALT,5.8,146.0,90.3,27754.0,2861.0,100.0,2017-03-17T09:12:53.119000
20070114,RURC2L_F,FRYING PAN - RUEDI RES. NR BASALT,6.0,152.0,90.3,28734.0,3674.0,100.0,2017-03-17T09:13:45.164000
20070115,RURC2L_F,FRYING PAN - RUEDI RES. NR BASALT,6.1,156.0,90.3,29609.0,4540.0,100.0,2017-03-17T09:14:38.386000
20070116,RURC2L_F,FRYING PAN - RUEDI RES. NR BASALT,6.2,156.0,90.3,29632.0,4541.0,100.0,2017-03-17T09:15:32.841000
20070117,RURC2L_F,FRYING PAN - RUEDI RES. NR BASALT,6.1,156.0,90.3,29602.0,4616.0,100.0,2017-03-17T09:16:26.254000
20070118,RURC2L_F,FRYING PAN - RUEDI RES. NR BASALT,6.1,156.0,90.3,29566.0,4760.0,100.0,2017-03-17T09:17:22.019000
20070119,RURC2L_F,FRYING PAN - RUEDI RES. NR BASALT,6.1,156.0,90.3,29512.0,4887.0,100.0,2017-03-17T09:18:17.852000
20070120,RURC2L_F,FRYING PAN - RUEDI RES. NR BASALT,6.1,155.0,90.3,29424.0,1670.0,100.0,2017-03-17T09:19:16.363000
20070121,RURC2L_F,FRYING PAN - RUEDI RES. NR BASALT,6.2,156.0,90.3,29624.0,890.0,100.0,2017-03-17T09:20:13.193000
20070122,RURC2L_F,FRYING PAN - RUEDI RES. NR BASALT,6.3,160.0,90.3,30297.0,688.0,100.0,2017-03-17T09:21:09.831000
20070123,RURC2L_F,FRYING PAN - RUEDI RES. NR BASALT,6.3,160.0,90.3,30274.0,642.0,100.0,2017-03-17T09:22:07.580000
20070124,RURC2L_F,FRYING PAN - RUEDI RES. NR BASALT,6.3,159.0,90.3,30223.0,621.0,100.0,2017-03-17T09:23:06.446000
20070125,RURC2L_F,FRYING PAN - RUEDI RES. NR BASALT,6.3,159.0,90.3,30152.0,586.0,100.0,2017-03-17T09:24:06.221000
20070126,RURC2L_F,FRYING PAN - RUEDI RES. NR BASALT,6.3,159.0,90.3,30115.0,603.0,100.0,2017-03-17T09:25:01.969000
20070127,RURC2L_F,FRYING PAN - RUEDI RES. NR BASALT,6.2,159.0,90.3,30070.0,646.0,100.0,2017-03-17T09:26:01.667000
20070128,RURC2L_F,FRYING PAN - RUEDI RES. NR BASALT,6.3,159.0,90.3,30100.0,476.0,100.0,2017-03-17T09:26:55.216000
20070129,RURC2L_F,FRYING PAN - RUEDI RES. NR BASALT,6.2,158.0,90.3,30037.0,-260.0,100.0,2017-03-17T09:27:48.884000
20070130,RURC2L_F,FRYING PAN - RUEDI RES. NR BASALT,6.2,158.0,90.3,29977.0,-297.0,100.0,2017-03-17T09:28:43.907000
20070131,RURC2L_F,FRYING PAN - RUEDI RES. NR BASALT,6.3,159.0,90.3,30229.0,6.0,100.0,2017-03-17T09:29:37.829000
20070201,RURC2L_F,FRYING PAN - RUEDI RES. NR BASALT,6.8,173.0,90.3,32876.0,2724.0,100.0,2017-03-17T09:30:33.455000
20070202,RURC2L_F,FRYING PAN - RUEDI RES. NR BASALT,7.0,177.0,90.3,33525.0,3410.0,100.0,2017-03-17T09:31:29.800000
20070203,RURC2L_F,FRYING PAN - RUEDI RES. NR BASALT,7.1,180.0,90.3,34123.0,4053.0,100.0,2017-03-17T09:32:27.854000
20070204,RURC2L_F,FRYING PAN - RUEDI RES. NR BASALT,7.1,181.0,90.3,34323.0,4223.0,100.0,2017-03-17T09:33:27.158000
20070205,RURC2L_F,FRYING PAN - RUEDI RES. NR BASALT,7.1,181.0,90.3,34224.0,4187.0,100.0,2017-03-17T09:34:23.814000
20070206,RURC2L_F,FRYING PAN - RUEDI RES. NR BASALT,6.7,169.0,90.3,32108.0,2131.0,100.0,2017-03-17T09:35:18.815000
20070207,RURC2L_F,FRYING PAN - RUEDI RES. NR BASALT,6.6,169.0,90.3,31963.0,1734.0,100.0,2017-03-17T09:36:15.234000
20070208,RURC2L_F,FRYING PAN - RUEDI RES. NR BASALT,6.6,168.0,90.3,31841.0,-1035.0,100.0,2017-03-17T09:37:10.280000
20070209,RURC2L_F,FRYING PAN - RUEDI RES. NR BASALT,6.6,167.0,90.3,31683.0,-1842.0,100.0,2017-03-17T09:38:05.020000
20070210,RURC2L_F,FRYING PAN - RUEDI RES. NR BASALT,6.6,167.0,90.3,31574.0,-2549.0,100.0,2017-03-17T09:38:58.915000
20070211,RURC2L_F,FRYING PAN - RUEDI RES. NR BASALT,6.6,166.0,90.3,31539.0,-2784.0,100.0,2017-03-17T09:39:52.759000
20070212,RURC2L_F,FRYING PAN - RUEDI RES. NR BASALT,6.8,174.0,90.3,32950.0,-1274.0,100.0,2017-03-17T09:40:49.495000
20070213,RURC2L_F,FRYING PAN - RUEDI RES. NR BASALT,7.1,180.0,90.3,34149.0,2041.0,100.0,2017-03-17T09:41:45.683000
20070215,RURC2L_F,FRYING PAN - RUEDI RES. NR BASALT,7.6,193.0,90.3,36580.0,4739.0,100.0,2017-03-17T09:42:43.050000
20070216,RURC2L_F,FRYING PAN - RUEDI RES. NR BASALT,7.7,196.0,90.3,37169.0,5486.0,100.0,2017-03-17T09:43:41.491000
20070217,RURC2L_F,FRYING PAN - RUEDI RES. NR BASALT,8.0,204.0,90.3,38714.0,7140.0,100.0,2017-03-17T09:44:42.593000
20070218,RURC2L_F,FRYING PAN - RUEDI RES. NR BASALT,8.0,204.0,90.3,38716.0,7177.0,100.0,2017-03-17T09:45:40.513000
20070219,RURC2L_F,FRYING PAN - RUEDI RES. NR BASALT,8.0,204.0,90.3,38576.0,5626.0,100.0,2017-03-17T09:46:38.994000
20070220,RURC2L_F,FRYING PAN - RUEDI RES. NR BASALT,8.3,210.0,90.3,39772.0,5623.0,100.0,2017-03-17T09:47:36.858000
20070221,RURC2L_F,FRYING PAN - RUEDI RES. NR BASALT,8.4,213.0,90.3,40295.0,NULL,100.0,2017-03-17T09:48:34.016000
20070222,RURC2L_F,FRYING PAN - RUEDI RES. NR BASALT,8.3,212.0,90.3,40184.0,3604.0,100.0,2017-03-17T09:49:28.441000
20070223,RURC2L_F,FRYING PAN - RUEDI RES. NR BASALT,8.3,211.0,90.3,40006.0,2837.0,100.0,2017-03-17T09:50:23.458000
20070224,RURC2L_F,FRYING PAN - RUEDI RES. NR BASALT,8.4,214.0,90.3,40624.0,1910.0,100.0,2017-03-17T09:51:18.875000
20070225,RURC2L_F,FRYING PAN - RUEDI RES. NR BASALT,8.6,219.0,90.3,41467.0,2751.0,100.0,2017-03-17T09:52:15.078000
20070226,RURC2L_F,FRYING PAN - RUEDI RES. NR BASALT,8.7,221.0,90.3,41904.0,3328.0,100.0,2017-03-17T09:53:13.929000
20070227,RURC2L_F,FRYING PAN - RUEDI RES. NR BASALT,9.0,229.0,90.3,43430.0,3658.0,100.0,2017-03-17T09:54:10.261000
20070228,RURC2L_F,FRYING PAN - RUEDI RES. NR BASALT,9.3,237.0,90.3,44922.0,4627.0,100.0,2017-03-17T09:55:06.361000
20070301,RURC2L_F,FRYING PAN - RUEDI RES. NR BASALT,9.9,252.0,90.3,47784.0,7600.0,100.0,2017-03-17T09:56:04.758000
20070302,RURC2L_F,FRYING PAN - RUEDI RES. NR BASALT,10.3,260.0,90.3,49378.0,9372.0,100.0,2017-03-17T09:57:02.806000
20070303,RURC2L_F,FRYING PAN - RUEDI RES. NR BASALT,10.5,266.0,90.3,50492.0,9868.0,100.0,2017-03-17T09:58:02.155000
20070304,RURC2L_F,FRYING PAN - RUEDI RES. NR BASALT,10.5,266.0,90.3,50464.0,8997.0,100.0,2017-03-17T09:58:59.523000
20070305,RURC2L_F,FRYING PAN - RUEDI RES. NR BASALT,10.5,266.0,90.3,50384.0,8480.0,100.0,2017-03-17T09:59:56.484000
20070306,RURC2L_F,FRYING PAN - RUEDI RES. NR BASALT,10.4,265.0,90.3,50239.0,6809.0,100.0,2017-03-17T10:00:54.180000
20070307,RURC2L_F,FRYING PAN - RUEDI RES. NR BASALT,10.4,264.0,90.3,50102.0,5180.0,100.0,2017-03-17T10:01:48.659000
20070308,RURC2L_F,FRYING PAN - RUEDI RES. NR BASALT,10.4,264.0,90.3,50013.0,2229.0,100.0,2017-03-17T10:02:41.324000
20070309,RURC2L_F,FRYING PAN - RUEDI RES. NR BASALT,10.5,266.0,90.3,50360.0,982.0,100.0,2017-03-17T10:03:36.650000
20070310,RURC2L_F,FRYING PAN - RUEDI RES. NR BASALT,10.4,265.0,90.3,50273.0,-219.0,100.0,2017-03-17T10:04:29.919000
20070311,RURC2L_F,FRYING PAN - RUEDI RES. NR BASALT,10.5,267.0,90.3,50686.0,222.0,100.0,2017-03-17T10:05:22.005000
20070312,RURC2L_F,FRYING PAN - RUEDI RES. NR BASALT,10.5,267.0,90.3,50650.0,266.0,100.0,2017-03-17T10:06:15.253000
20070313,RURC2L_F,FRYING PAN - RUEDI RES. NR BASALT,10.4,264.0,90.3,50127.0,-112.0,100.0,2017-03-17T10:07:07.492000
20070314,RURC2L_F,FRYING PAN - RUEDI RES. NR BASALT,10.2,259.0,90.3,49167.0,-935.0,100.0,2017-03-17T10:07:59.205000
20070315,RURC2L_F,FRYING PAN - RUEDI RES. NR BASALT,10.0,254.0,90.3,48176.0,-1837.0,100.0,2017-03-17T10:08:49.435000
20070316,RURC2L_F,FRYING PAN - RUEDI RES. NR BASALT,9.8,249.0,90.3,47160.0,-3200.0,100.0,2017-03-17T10:09:41.047000
20070317,RURC2L_F,FRYING PAN - RUEDI RES. NR BASALT,9.6,245.0,90.3,46374.0,-3899.0,100.0,2017-03-17T10:10:33.647000
20070318,RURC2L_F,FRYING PAN - RUEDI RES. NR BASALT,9.4,238.0,90.3,45175.0,-5511.0,100.0,2017-03-17T10:11:23.487000
20070319,RURC2L_F,FRYING PAN - RUEDI RES. NR BASALT,9.0,228.0,90.3,43124.0,-7526.0,100.0,2017-03-17T10:12:13.104000
20070320,RURC2L_F,FRYING PAN - RUEDI RES. NR BASALT,8.6,218.0,90.3,41244.0,-8883.0,100.0,2017-03-17T10:13:03.183000
20070321,RURC2L_F,FRYING PAN - RUEDI RES. NR BASALT,8.1,207.0,90.3,39222.0,-9945.0,100.0,2017-03-17T10:13:53.001000
20070322,RURC2L_F,FRYING PAN - RUEDI RES. NR BASALT,7.8,197.0,90.3,37406.0,-10770.0,100.0,2017-03-17T10:14:42.526000
20070323,RURC2L_F,FRYING PAN - RUEDI RES. NR BASALT,7.4,187.0,90.3,35520.0,-11640.0,99.63,2017-03-17T10:15:32.044000
20070324,RURC2L_F,FRYING PAN - RUEDI RES. NR BASALT,7.0,179.0,90.3,33912.0,-12462.0,99.63,2017-03-17T10:16:21.758000
20070325,RURC2L_F,FRYING PAN - RUEDI RES. NR BASALT,8.0,204.0,90.3,38661.0,-6514.0,100.0,2017-03-17T10:17:12.708000
20070327,RURC2L_F,FRYING PAN - RUEDI RES. NR BASALT,8.1,206.0,90.3,39140.0,-2104.0,100.0,2017-03-17T10:18:03.547000
20070328,RURC2L_F,FRYING PAN - RUEDI RES. NR BASALT,8.1,206.0,90.3,39073.0,-149.0,98.99,2017-03-17T10:18:55.105000
20070329,RURC2L_F,FRYING PAN - RUEDI RES. NR BASALT,8.1,207.0,90.3,39203.0,1797.0,100.0,2017-03-17T10:19:45.966000
20070330,RURC2L_F,FRYING PAN - RUEDI RES. NR BASALT,8.6,219.0,90.3,41479.0,5959.0,100.0,2017-03-17T10:20:38.559000
20070331,RURC2L_F,FRYING PAN - RUEDI RES. NR BASALT,8.6,219.0,90.3,41508.0,7596.0,100.0,2017-03-17T10:21:30.998000
20070401,RURC2L_F,FRYING PAN - RUEDI RES. NR BASALT,8.6,219.0,90.3,41590.0,2929.0,100.0,2017-03-17T10:22:21.541000
20070402,RURC2L_F,FRYING PAN - RUEDI RES. NR BASALT,8.5,215.0,90.3,40722.0,NULL,99.17,2017-03-17T10:23:11.504000
20070403,RURC2L_F,FRYING PAN - RUEDI RES. NR BASALT,8.4,213.0,90.3,40322.0,1182.0,97.25,2017-03-17T10:23:59.329000
20070404,RURC2L_F,FRYING PAN - RUEDI RES. NR BASALT,8.1,205.0,90.3,38825.0,-248.0,96.33,2017-03-17T10:24:48.263000
20070405,RURC2L_F,FRYING PAN - RUEDI RES. NR BASALT,7.7,195.0,90.3,36953.0,-2250.0,94.95,2017-03-17T10:25:37.029000
20070406,RURC2L_F,FRYING PAN - RUEDI RES. NR BASALT,7.5,191.0,90.3,36181.0,-5298.0,94.5,2017-03-17T10:26:25.928000
20070407,RURC2L_F,FRYING PAN - RUEDI RES. NR BASALT,7.1,181.0,90.3,34343.0,-7165.0,92.48,2017-03-17T10:27:15.569000
20070408,RURC2L_F,FRYING PAN - RUEDI RES. NR BASALT,6.9,175.0,90.3,33254.0,-8336.0,90.73,2017-03-17T10:28:06.055000
20070409,RURC2L_F,FRYING PAN - RUEDI RES. NR BASALT,6.8,173.0,90.3,32776.0,-7946.0,92.66,2017-03-17T10:28:57.129000
20070410,RURC2L_F,FRYING PAN - RUEDI RES. NR BASALT,7.8,198.0,90.3,37490.0,-2832.0,92.2,2017-03-17T10:29:47.781000
20070411,RURC2L_F,FRYING PAN - RUEDI RES. NR BASALT,8.0,202.0,90.3,38378.0,-447.0,100.0,2017-03-17T10:30:39.323000
20070412,RURC2L_F,FRYING PAN - RUEDI RES. NR BASALT,8.0,203.0,90.3,38387.0,1434.0,100.0,2017-03-17T10:31:30.986000
20070413,RURC2L_F,FRYING PAN - RUEDI RES. NR BASALT,8.0,202.0,90.3,38334.0,2153.0,100.0,2017-03-17T10:32:23.236000
20070414,RURC2L_F,FRYING PAN - RUEDI RES. NR BASALT,8.0,204.0,90.3,38710.0,4367.0,98.81,2017-03-17T10:33:15.271000
20070415,RURC2L_F,FRYING PAN - RUEDI RES. NR BASALT,8.0,202.0,90.3,38342.0,5088.0,93.58,2017-03-17T10:34:06.069000
20070416,RURC2L_F,FRYING PAN - RUEDI RES. NR BASALT,7.8,199.0,90.3,37723.0,4947.0,90.73,2017-03-17T10:34:57.553000
20070417,RURC2L_F,FRYING PAN - RUEDI RES. NR BASALT,7.6,194.0,90.3,36688.0,-802.0,86.88,2017-03-17T10:35:45.775000
20070418,RURC2L_F,FRYING PAN - RUEDI RES. NR BASALT,7.6,193.0,90.3,36504.0,-1874.0,85.96,2017-03-17T10:36:33.093000
20070419,RURC2L_F,FRYING PAN - RUEDI RES. NR BASALT,7.4,187.0,90.3,35446.0,-2941.0,84.5,2017-03-17T10:37:21.681000
20070420,RURC2L_F,FRYING PAN - RUEDI RES. NR BASALT,7.3,184.0,90.3,34935.0,-3399.0,84.4,2017-03-17T10:38:10.008000
20070421,RURC2L_F,FRYING PAN - RUEDI RES. NR BASALT,7.0,178.0,90.3,33793.0,-4917.0,81.65,2017-03-17T10:38:57.570000
20070422,RURC2L_F,FRYING PAN - RUEDI RES. NR BASALT,6.8,173.0,90.3,32801.0,-5541.0,91.83,2017-03-17T10:39:46.182000
20070423,RURC2L_F,FRYING PAN - RUEDI RES. NR BASALT,6.6,169.0,90.3,31980.0,-5743.0,80.18,2017-03-17T10:40:33.684000
20070424,RURC2L_F,FRYING PAN - RUEDI RES. NR BASALT,6.9,174.0,90.3,32986.0,-3702.0,100.0,2017-03-17T10:41:21.032000
20070425,RURC2L_F,FRYING PAN - RUEDI RES. NR BASALT,7.5,189.0,90.3,35897.0,-607.0,100.0,2017-03-17T10:42:08.332000
20070426,RURC2L_F,FRYING PAN - RUEDI RES. NR BASALT,7.1,180.0,90.3,34132.0,-1314.0,99.82,2017-03-17T10:42:54.945000
20070427,RURC2L_F,FRYING PAN - RUEDI RES. NR BASALT,6.9,174.0,90.3,33010.0,-1925.0,89.27,2017-03-17T10:43:40.849000
20070428,RURC2L_F,FRYING PAN - RUEDI RES. NR BASALT,6.5,165.0,90.3,31290.0,-2503.0,78.99,2017-03-17T10:44:27.209000
20070429,RURC2L_F,FRYING PAN - RUEDI RES. NR BASALT,6.0,152.0,90.3,28854.0,-3947.0,74.13,2017-03-17T10:45:15.333000
20070430,RURC2L_F,FRYING PAN - RUEDI RES. NR BASALT,5.4,137.0,90.3,25922.0,-6058.0,69.91,2017-03-17T10:46:04.278000
20070501,RURC2L_F,FRYING PAN - RUEDI RES. NR BASALT,4.7,120.0,90.3,22785.0,-10201.0,66.42,2017-03-17T10:46:52.145000
20070502,RURC2L_F,FRYING PAN - RUEDI RES. NR BASALT,4.3,108.0,90.3,20534.0,-15363.0,64.5,2017-03-17T10:47:39.613000
20070503,RURC2L_F,FRYING PAN - RUEDI RES. NR BASALT,3.8,98.0,90.3,18502.0,-15630.0,62.84,2017-03-17T10:48:28.729000
20070504,RURC2L_F,FRYING PAN - RUEDI RES. NR BASALT,3.5,88.0,90.3,16712.0,-16298.0,60.64,2017-03-17T10:49:17.689000
20070505,RURC2L_F,FRYING PAN - RUEDI RES. NR BASALT,3.4,86.0,90.3,16377.0,-14913.0,86.7,2017-03-17T10:50:06.142000
20070506,RURC2L_F,FRYING PAN - RUEDI RES. NR BASALT,3.9,98.0,90.3,18661.0,-10193.0,100.0,2017-03-17T10:50:55.390000
20070507,RURC2L_F,FRYING PAN - RUEDI RES. NR BASALT,4.2,108.0,90.3,20387.0,-5535.0,100.0,2017-03-17T10:51:44.188000
20070508,RURC2L_F,FRYING PAN - RUEDI RES. NR BASALT,4.2,106.0,90.3,20125.0,-2660.0,100.0,2017-03-17T10:52:31.202000
20070509,RURC2L_F,FRYING PAN - RUEDI RES. NR BASALT,3.7,94.0,90.3,17909.0,-2625.0,76.79,2017-03-17T10:53:17.391000
20070510,RURC2L_F,FRYING PAN - RUEDI RES. NR BASALT,3.3,85.0,90.3,16082.0,-2420.0,59.72,2017-03-17T10:54:04.834000
20070511,RURC2L_F,FRYING PAN - RUEDI RES. NR BASALT,3.0,76.0,90.3,14321.0,-2391.0,57.98,2017-03-17T10:54:50.895000
20070512,RURC2L_F,FRYING PAN - RUEDI RES. NR BASALT,2.6,65.0,90.3,12395.0,-3982.0,53.21,2017-03-17T10:55:37.783000
20070513,RURC2L_F,FRYING PAN - RUEDI RES. NR BASALT,2.2,56.0,90.3,10536.0,-8125.0,48.26,2017-03-17T10:56:23.481000
20070514,RURC2L_F,FRYING PAN - RUEDI RES. NR BASALT,1.8,46.0,90.3,8805.0,-11582.0,44.31,2017-03-17T10:57:10.012000
20070515,RURC2L_F,FRYING PAN - RUEDI RES. NR BASALT,1.5,38.0,90.3,7268.0,-12857.0,41.19,2017-03-17T10:57:55.604000
20070516,RURC2L_F,FRYING PAN - RUEDI RES. NR BASALT,1.3,33.0,90.3,6246.0,-11663.0,37.16,2017-03-17T10:58:41.009000
20070517,RURC2L_F,FRYING PAN - RUEDI RES. NR BASALT,1.1,28.0,90.3,5361.0,-10721.0,35.87,2017-03-17T10:59:25.904000
20070518,RURC2L_F,FRYING PAN - RUEDI RES. NR BASALT,0.9,24.0,90.3,4568.0,-9753.0,34.59,2017-03-17T11:00:12.793000
20070519,RURC2L_F,FRYING PAN - RUEDI RES. NR BASALT,0.8,20.0,90.3,3773.0,-8622.0,31.83,2017-03-17T11:01:38.737000
20070520,RURC2L_F,FRYING PAN - RUEDI RES. NR BASALT,0.6,16.0,90.3,3080.0,-7456.0,27.25,2017-03-17T11:02:59.104000
20070521,RURC2L_F,FRYING PAN - RUEDI RES. NR BASALT,0.5,13.0,90.3,2436.0,-6369.0,25.05,2017-03-17T11:04:04.169000
20070522,RURC2L_F,FRYING PAN - RUEDI RES. NR BASALT,0.4,10.0,90.3,1946.0,-5322.0,22.66,2017-03-17T11:04:49.912000
20070523,RURC2L_F,FRYING PAN - RUEDI RES. NR BASALT,0.4,10.0,90.3,1927.0,-4319.0,24.04,2017-03-17T11:05:36.996000
20070524,RURC2L_F,FRYING PAN - RUEDI RES. NR BASALT,0.6,16.0,90.3,3105.0,-2256.0,97.61,2017-03-17T11:06:25.146000
20070525,RURC2L_F,FRYING PAN - RUEDI RES. NR BASALT,0.5,12.0,90.3,2220.0,-2348.0,53.49,2017-03-17T11:07:12.453000
20070526,RURC2L_F,FRYING PAN - RUEDI RES. NR BASALT,0.4,9.0,90.3,1727.0,-2046.0,21.01,2017-03-17T11:07:58.693000
20070527,RURC2L_F,FRYING PAN - RUEDI RES. NR BASALT,0.3,7.0,90.3,1346.0,-1734.0,19.08,2017-03-17T11:08:45.229000
20070528,RURC2L_F,FRYING PAN - RUEDI RES. NR BASALT,0.2,5.0,90.3,980.0,-1456.0,16.88,2017-03-17T11:09:32.496000
20070529,RURC2L_F,FRYING PAN - RUEDI RES. NR BASALT,0.1,3.0,90.3,630.0,-1316.0,14.4,2017-03-17T11:10:19.150000
20070530,RURC2L_F,FRYING PAN - RUEDI RES. NR BASALT,0.1,3.0,90.3,479.0,-1448.0,12.2,2017-03-17T11:11:08.692000
20070531,RURC2L_F,FRYING PAN - RUEDI RES. NR BASALT,0.1,2.0,90.3,415.0,-2690.0,10.73,2017-03-17T11:11:53.780000
20070601,RURC2L_F,FRYING PAN - RUEDI RES. NR BASALT,0.1,2.0,90.3,319.0,-1901.0,9.72,2017-03-17T11:12:38.332000
20070602,RURC2L_F,FRYING PAN - RUEDI RES. NR BASALT,0.0,1.0,90.3,228.0,-1499.0,7.71,2017-03-17T11:13:25.320000
20070603,RURC2L_F,FRYING PAN - RUEDI RES. NR BASALT,0.0,1.0,90.3,127.0,-1219.0,5.32,2017-03-17T11:14:09.782000
20070604,RURC2L_F,FRYING PAN - RUEDI RES. NR BASALT,0.0,0.0,90.3,82.0,-898.0,4.13,2017-03-17T11:14:55.139000
20070605,RURC2L_F,FRYING PAN - RUEDI RES. NR BASALT,0.0,0.0,90.3,45.0,-585.0,3.3,2017-03-17T11:15:41.456000
20070606,RURC2L_F,FRYING PAN - RUEDI RES. NR BASALT,0.0,0.0,90.3,14.0,-465.0,1.28,2017-03-17T11:16:26.694000
20070607,RURC2L_F,FRYING PAN - RUEDI RES. NR BASALT,0.0,0.0,90.3,18.0,-397.0,6.15,2017-03-17T11:17:13.463000
20070608,RURC2L_F,FRYING PAN - RUEDI RES. NR BASALT,0.0,0.0,90.3,22.0,-297.0,6.97,2017-03-17T11:17:59.703000
20070609,RURC2L_F,FRYING PAN - RUEDI RES. NR BASALT,0.0,0.0,90.3,3.0,-225.0,0.64,2017-03-17T11:18:44.822000
20070610,RURC2L_F,FRYING PAN - RUEDI RES. NR BASALT,0.0,0.0,90.3,0.0,-127.0,0.0,2017-03-17T11:19:29.940000
20070611,RURC2L_F,FRYING PAN - RUEDI RES. NR BASALT,0.0,0.0,90.3,0.0,-82.0,0.0,2017-03-17T11:20:14.024000
20070612,RURC2L_F,FRYING PAN - RUEDI RES. NR BASALT,0.0,0.0,90.3,0.0,-45.0,0.0,2017-03-17T11:20:58.697000
20070613,RURC2L_F,FRYING PAN - RUEDI RES. NR BASALT,0.0,0.0,90.3,0.0,-14.0,0.0,2017-03-17T11:21:42.545000
20070614,RURC2L_F,FRYING PAN - RUEDI RES. NR BASALT,0.0,0.0,90.3,0.0,-18.0,0.0,2017-03-17T11:22:26.620000
20070615,RURC2L_F,FRYING PAN - RUEDI RES. NR BASALT,0.0,0.0,90.3,0.0,-22.0,0.0,2017-03-17T11:23:11.782000
20070616,RURC2L_F,FRYING PAN - RUEDI RES. NR BASALT,0.0,0.0,90.3,0.0,-3.0,0.0,2017-03-17T11:23:55.497000
20070617,RURC2L_F,FRYING PAN - RUEDI RES. NR BASALT,0.0,0.0,90.3,0.0,0.0,0.0,2017-03-17T11:24:39.930000
20070618,RURC2L_F,FRYING PAN - RUEDI RES. NR BASALT,0.0,0.0,90.3,0.0,0.0,0.0,2017-03-17T11:25:26.458000
20070619,RURC2L_F,FRYING PAN - RUEDI RES. NR BASALT,0.0,0.0,90.3,0.0,0.0,0.0,2017-03-17T11:26:11.504000
20070620,RURC2L_F,FRYING PAN - RUEDI RES. NR BASALT,0.0,0.0,90.3,0.0,0.0,0.0,2017-03-17T11:26:56.057000
20070621,RURC2L_F,FRYING PAN - RUEDI RES. NR BASALT,0.0,0.0,90.3,0.0,0.0,0.0,2017-03-17T11:27:40.604000
20070622,RURC2L_F,FRYING PAN - RUEDI RES. NR BASALT,0.0,0.0,90.3,0.0,0.0,0.0,2017-03-17T11:28:25.507000
20070623,RURC2L_F,FRYING PAN - RUEDI RES. NR BASALT,0.0,0.0,90.3,0.0,0.0,0.0,2017-03-17T11:29:10.210000
20070624,RURC2L_F,FRYING PAN - RUEDI RES. NR BASALT,0.0,0.0,90.3,0.0,0.0,0.0,2017-03-17T11:29:54.608000
20070625,RURC2L_F,FRYING PAN - RUEDI RES. NR BASALT,0.0,0.0,90.3,0.0,0.0,0.0,2017-03-17T11:30:38.464000
20070626,RURC2L_F,FRYING PAN - RUEDI RES. NR BASALT,0.0,0.0,90.3,0.0,0.0,0.0,2017-03-17T11:31:22.696000
20070627,RURC2L_F,FRYING PAN - RUEDI RES. NR BASALT,0.0,0.0,90.3,0.0,0.0,0.0,2017-03-17T11:32:07.919000
20070628,RURC2L_F,FRYING PAN - RUEDI RES. NR BASALT,0.0,0.0,90.3,0.0,0.0,0.0,2017-03-17T11:32:54.792000
20070629,RURC2L_F,FRYING PAN - RUEDI RES. NR BASALT,0.0,0.0,90.3,0.0,0.0,0.0,2017-03-17T11:33:39.289000
20070630,RURC2L_F,FRYING PAN - RUEDI RES. NR BASALT,0.0,0.0,90.3,0.0,0.0,0.0,2017-03-17T11:34:24.577000
20070701,RURC2L_F,FRYING PAN - RUEDI RES. NR BASALT,0.0,0.0,90.3,0.0,0.0,0.0,2017-03-17T11:35:10.267000
20070702,RURC2L_F,FRYING PAN - RUEDI RES. NR BASALT,0.0,0.0,90.3,0.0,0.0,0.0,2017-03-17T11:35:55.587000
20070703,RURC2L_F,FRYING PAN - RUEDI RES. NR BASALT,0.0,0.0,90.3,0.0,0.0,0.0,2017-03-17T11:36:39.322000
20070704,RURC2L_F,FRYING PAN - RUEDI RES. NR BASALT,0.0,0.0,90.3,0.0,0.0,0.0,2017-03-17T11:37:25.745000
20070705,RURC2L_F,FRYING PAN - RUEDI RES. NR BASALT,0.0,0.0,90.3,0.0,0.0,0.0,2017-03-17T11:38:10.543000
20070706,RURC2L_F,FRYING PAN - RUEDI RES. NR BASALT,0.0,0.0,90.3,0.0,0.0,0.0,2017-03-17T11:38:57.853000
20070707,RURC2L_F,FRYING PAN - RUEDI RES. NR BASALT,0.0,0.0,90.3,0.0,0.0,0.0,2017-03-17T11:39:42.991000
20070708,RURC2L_F,FRYING PAN - RUEDI RES. NR BASALT,0.0,0.0,90.3,0.0,0.0,0.0,2017-03-17T11:40:28.754000
20070709,RURC2L_F,FRYING PAN - RUEDI RES. NR BASALT,0.0,0.0,90.3,0.0,0.0,0.0,2017-03-17T11:41:14.121000
20070710,RURC2L_F,FRYING PAN - RUEDI RES. NR BASALT,0.0,0.0,90.3,0.0,0.0,0.0,2017-03-17T11:42:00.183000
20070711,RURC2L_F,FRYING PAN - RUEDI RES. NR BASALT,0.0,0.0,90.3,0.0,0.0,0.0,2017-03-17T11:42:45.686000
20070712,RURC2L_F,FRYING PAN - RUEDI RES. NR BASALT,0.0,0.0,90.3,0.0,0.0,0.0,2017-03-17T11:43:43.906000
20070713,RURC2L_F,FRYING PAN - RUEDI RES. NR BASALT,0.0,0.0,90.3,0.0,0.0,0.0,2017-03-17T11:44:28.796000
20070714,RURC2L_F,FRYING PAN - RUEDI RES. NR BASALT,0.0,0.0,90.3,0.0,0.0,0.0,2017-03-17T11:45:13.262000
20070715,RURC2L_F,FRYING PAN - RUEDI RES. NR BASALT,0.0,0.0,90.3,0.0,0.0,0.0,2017-03-17T11:45:59.146000
20070716,RURC2L_F,FRYING PAN - RUEDI RES. NR BASALT,0.0,0.0,90.3,0.0,0.0,0.0,2017-03-17T11:46:45.618000
20070717,RURC2L_F,FRYING PAN - RUEDI RES. NR BASALT,0.0,0.0,90.3,0.0,0.0,0.0,2017-03-17T11:47:31.479000
20070718,RURC2L_F,FRYING PAN - RUEDI RES. NR BASALT,0.0,0.0,90.3,0.0,0.0,0.0,2017-03-17T11:48:17.691000
20070719,RURC2L_F,FRYING PAN - RUEDI RES. NR BASALT,0.0,0.0,90.3,0.0,0.0,0.0,2017-03-17T11:49:03.077000
20070720,RURC2L_F,FRYING PAN - RUEDI RES. NR BASALT,0.0,0.0,90.3,0.0,0.0,0.0,2017-03-17T11:49:47.925000
20070721,RURC2L_F,FRYING PAN - RUEDI RES. NR BASALT,0.0,0.0,90.3,0.0,0.0,0.0,2017-03-17T11:50:33.672000
20070722,RURC2L_F,FRYING PAN - RUEDI RES. NR BASALT,0.0,0.0,90.3,0.0,0.0,0.0,2017-03-17T11:51:18.299000
20070723,RURC2L_F,FRYING PAN - RUEDI RES. NR BASALT,0.0,0.0,90.3,0.0,0.0,0.0,2017-03-17T11:52:03.053000
20070724,RURC2L_F,FRYING PAN - RUEDI RES. NR BASALT,0.0,0.0,90.3,0.0,0.0,0.0,2017-03-17T11:52:48.335000
20070725,RURC2L_F,FRYING PAN - RUEDI RES. NR BASALT,0.0,0.0,90.3,0.0,0.0,0.0,2017-03-17T11:53:32.252000
20070726,RURC2L_F,FRYING PAN - RUEDI RES. NR BASALT,0.0,0.0,90.3,0.0,0.0,0.0,2017-03-17T11:54:16.630000
20070727,RURC2L_F,FRYING PAN - RUEDI RES. NR BASALT,0.0,0.0,90.3,0.0,0.0,0.0,2017-03-17T11:55:01.887000
20070728,RURC2L_F,FRYING PAN - RUEDI RES. NR BASALT,0.0,0.0,90.3,0.0,0.0,0.0,2017-03-17T11:55:48.151000
20070729,RURC2L_F,FRYING PAN - RUEDI RES. NR BASALT,0.0,0.0,90.3,0.0,0.0,0.0,2017-03-17T11:56:33.122000
20070730,RURC2L_F,FRYING PAN - RUEDI RES. NR BASALT,0.0,0.0,90.3,0.0,0.0,0.0,2017-03-17T11:57:18.328000
20070731,RURC2L_F,FRYING PAN - RUEDI RES. NR BASALT,0.0,0.0,90.3,0.0,0.0,0.0,2017-03-17T11:58:04.312000
20070801,RURC2L_F,FRYING PAN - RUEDI RES. NR BASALT,0.0,0.0,90.3,0.0,0.0,0.0,2017-03-17T11:58:48.768000
20070802,RURC2L_F,FRYING PAN - RUEDI RES. NR BASALT,0.0,0.0,90.3,0.0,0.0,0.0,2017-03-17T11:59:35.554000
20070803,RURC2L_F,FRYING PAN - RUEDI RES. NR BASALT,0.0,0.0,90.3,0.0,0.0,0.0,2017-03-17T12:00:21.835000
20070804,RURC2L_F,FRYING PAN - RUEDI RES. NR BASALT,0.0,0.0,90.3,0.0,0.0,0.0,2017-03-17T12:01:08.815000
20070805,RURC2L_F,FRYING PAN - RUEDI RES. NR BASALT,0.0,0.0,90.3,0.0,0.0,0.0,2017-03-17T12:01:54.630000
20070806,RURC2L_F,FRYING PAN - RUEDI RES. NR BASALT,0.0,0.0,90.3,0.0,0.0,0.0,2017-03-17T12:02:40.277000
20070807,RURC2L_F,FRYING PAN - RUEDI RES. NR BASALT,0.0,0.0,90.3,0.0,0.0,0.0,2017-03-17T12:03:26.516000
20070808,RURC2L_F,FRYING PAN - RUEDI RES. NR BASALT,0.0,0.0,90.3,0.0,0.0,0.0,2017-03-17T12:04:12.716000
20070809,RURC2L_F,FRYING PAN - RUEDI RES. NR BASALT,0.0,0.0,90.3,0.0,0.0,0.0,2017-03-17T12:04:59.410000
20070810,RURC2L_F,FRYING PAN - RUEDI RES. NR BASALT,0.0,0.0,90.3,0.0,0.0,0.0,2017-03-17T12:05:44.997000
20070811,RURC2L_F,FRYING PAN - RUEDI RES. NR BASALT,0.0,0.0,90.3,0.0,0.0,0.0,2017-03-17T12:06:30.803000
20070812,RURC2L_F,FRYING PAN - RUEDI RES. NR BASALT,0.0,0.0,90.3,0.0,0.0,0.0,2017-03-17T12:07:15.835000
20070813,RURC2L_F,FRYING PAN - RUEDI RES. NR BASALT,0.0,0.0,90.3,0.0,0.0,0.0,2017-03-17T12:07:59.913000
20070814,RURC2L_F,FRYING PAN - RUEDI RES. NR BASALT,0.0,0.0,90.3,0.0,0.0,0.0,2017-03-17T12:08:44.876000
20070815,RURC2L_F,FRYING PAN - RUEDI RES. NR BASALT,0.0,0.0,90.3,0.0,0.0,0.0,2017-03-17T12:09:28.961000
20070816,RURC2L_F,FRYING PAN - RUEDI RES. NR BASALT,0.0,0.0,90.3,0.0,0.0,0.0,2017-03-17T12:10:13.210000
20070817,RURC2L_F,FRYING PAN - RUEDI RES. NR BASALT,0.0,0.0,90.3,0.0,0.0,0.0,2017-03-17T12:11:01.642000
20070818,RURC2L_F,FRYING PAN - RUEDI RES. NR BASALT,0.0,0.0,90.3,0.0,0.0,0.0,2017-03-17T12:11:48.075000
20070819,RURC2L_F,FRYING PAN - RUEDI RES. NR BASALT,0.0,0.0,90.3,0.0,0.0,0.0,2017-03-17T12:12:34.016000
20070820,RURC2L_F,FRYING PAN - RUEDI RES. NR BASALT,0.0,0.0,90.3,0.0,0.0,0.0,2017-03-17T12:13:19.969000
20070821,RURC2L_F,FRYING PAN - RUEDI RES. NR BASALT,0.0,0.0,90.3,0.0,0.0,0.0,2017-03-17T12:14:06.075000
20070822,RURC2L_F,FRYING PAN - RUEDI RES. NR BASALT,0.0,0.0,90.3,0.0,0.0,0.0,2017-03-17T12:14:49.518000
20070823,RURC2L_F,FRYING PAN - RUEDI RES. NR BASALT,0.0,0.0,90.3,0.0,0.0,0.0,2017-03-17T12:15:37.774000
20070824,RURC2L_F,FRYING PAN - RUEDI RES. NR BASALT,0.0,0.0,90.3,0.0,0.0,0.0,2017-03-17T12:16:22.606000
20070825,RURC2L_F,FRYING PAN - RUEDI RES. NR BASALT,0.0,0.0,90.3,0.0,0.0,0.0,2017-03-17T12:17:08.087000
20070826,RURC2L_F,FRYING PAN - RUEDI RES. NR BASALT,0.0,0.0,90.3,0.0,0.0,0.0,2017-03-17T12:17:55.671000
20070827,RURC2L_F,FRYING PAN - RUEDI RES. NR BASALT,0.0,0.0,90.3,0.0,0.0,0.0,2017-03-17T12:18:41.261000
20070828,RURC2L_F,FRYING PAN - RUEDI RES. NR BASALT,0.0,0.0,90.3,0.0,0.0,0.0,2017-03-17T12:19:26.542000
20070829,RURC2L_F,FRYING PAN - RUEDI RES. NR BASALT,0.0,0.0,90.3,0.0,0.0,0.0,2017-03-17T12:20:12.406000
20070830,RURC2L_F,FRYING PAN - RUEDI RES. NR BASALT,0.0,0.0,90.3,0.0,0.0,0.0,2017-03-17T12:20:57.288000
20070831,RURC2L_F,FRYING PAN - RUEDI RES. NR BASALT,0.0,0.0,90.3,0.0,0.0,0.0,2017-03-17T12:21:42.301000
20070901,RURC2L_F,FRYING PAN - RUEDI RES. NR BASALT,0.0,0.0,90.3,0.0,0.0,0.0,2017-03-17T12:22:27.499000
20070902,RURC2L_F,FRYING PAN - RUEDI RES. NR BASALT,0.0,0.0,90.3,0.0,0.0,0.0,2017-03-17T12:23:12.422000
20070903,RURC2L_F,FRYING PAN - RUEDI RES. NR BASALT,0.0,0.0,90.3,0.0,0.0,0.0,2017-03-17T12:23:57.776000
20070904,RURC2L_F,FRYING PAN - RUEDI RES. NR BASALT,0.0,0.0,90.3,0.0,0.0,0.0,2017-03-17T12:24:41.717000
20070905,RURC2L_F,FRYING PAN - RUEDI RES. NR BASALT,0.0,0.0,90.3,0.0,0.0,0.0,2017-03-17T12:25:26.164000
20070906,RURC2L_F,FRYING PAN - RUEDI RES. NR BASALT,0.0,0.0,90.3,0.0,0.0,0.0,2017-03-17T12:26:12.284000
20070907,RURC2L_F,FRYING PAN - RUEDI RES. NR BASALT,0.0,0.0,90.3,0.0,0.0,0.0,2017-03-17T12:26:57.919000
20070908,RURC2L_F,FRYING PAN - RUEDI RES. NR BASALT,0.0,0.0,90.3,0.0,0.0,0.0,2017-03-17T12:27:42.907000
20070909,RURC2L_F,FRYING PAN - RUEDI RES. NR BASALT,0.0,0.0,90.3,0.0,0.0,0.0,2017-03-17T12:28:28.297000
20070910,RURC2L_F,FRYING PAN - RUEDI RES. NR BASALT,0.0,0.0,90.3,0.0,0.0,0.0,2017-03-17T12:29:19.866000
20070911,RURC2L_F,FRYING PAN - RUEDI RES. NR BASALT,0.0,0.0,90.3,0.0,0.0,0.0,2017-03-17T12:30:05.737000
20070912,RURC2L_F,FRYING PAN - RUEDI RES. NR BASALT,0.0,0.0,90.3,0.0,0.0,0.0,2017-03-17T12:30:50.122000
20070913,RURC2L_F,FRYING PAN - RUEDI RES. NR BASALT,0.0,0.0,90.3,0.0,0.0,0.0,2017-03-17T12:31:34.780000
20070914,RURC2L_F,FRYING PAN - RUEDI RES. NR BASALT,0.0,0.0,90.3,0.0,0.0,0.0,2017-03-17T12:32:22.194000
20070915,RURC2L_F,FRYING PAN - RUEDI RES. NR BASALT,0.0,0.0,90.3,0.0,0.0,0.0,2017-03-17T12:33:10.461000
20070916,RURC2L_F,FRYING PAN - RUEDI RES. NR BASALT,0.0,0.0,90.3,0.0,0.0,0.0,2017-03-17T12:33:58.030000
20070917,RURC2L_F,FRYING PAN - RUEDI RES. NR BASALT,0.0,0.0,90.3,0.0,0.0,0.0,2017-03-17T12:34:48.215000
20070918,RURC2L_F,FRYING PAN - RUEDI RES. NR BASALT,0.0,0.0,90.3,0.0,0.0,0.0,2017-03-17T12:35:35.502000
20070919,RURC2L_F,FRYING PAN - RUEDI RES. NR BASALT,0.0,0.0,90.3,0.0,0.0,0.0,2017-03-17T12:36:21.485000
20070920,RURC2L_F,FRYING PAN - RUEDI RES. NR BASALT,0.0,0.0,90.3,0.0,0.0,0.0,2017-03-17T12:37:06.741000
20070921,RURC2L_F,FRYING PAN - RUEDI RES. NR BASALT,0.0,0.0,90.3,0.0,0.0,0.0,2017-03-17T12:37:52.259000
20070922,RURC2L_F,FRYING PAN - RUEDI RES. NR BASALT,0.0,0.0,90.3,0.0,0.0,0.0,2017-03-17T12:38:37.861000
20070923,RURC2L_F,FRYING PAN - RUEDI RES. NR BASALT,0.0,0.0,90.3,0.0,0.0,0.0,2017-03-17T12:39:24.899000
20070924,RURC2L_F,FRYING PAN - RUEDI RES. NR BASALT,0.0,0.0,90.3,0.0,0.0,0.0,2017-03-17T12:40:12.992000
20070925,RURC2L_F,FRYING PAN - RUEDI RES. NR BASALT,0.0,1.0,90.3,119.0,119.0,50.09,2017-03-17T12:41:01.193000
20070926,RURC2L_F,FRYING PAN - RUEDI RES. NR BASALT,0.0,0.0,90.3,5.0,5.0,2.2,2017-03-17T12:41:50.442000
20070927,RURC2L_F,FRYING PAN - RUEDI RES. NR BASALT,0.0,0.0,90.3,0.0,0.0,0.0,2017-03-17T12:42:37.632000
20070928,RURC2L_F,FRYING PAN - RUEDI RES. NR BASALT,0.0,0.0,90.3,0.0,0.0,0.0,2017-03-17T12:43:23.461000
20070929,RURC2L_F,FRYING PAN - RUEDI RES. NR BASALT,0.0,0.0,90.3,0.0,0.0,0.0,2017-03-17T12:44:10.178000
20070930,RURC2L_F,FRYING PAN - RUEDI RES. NR BASALT,0.0,1.0,90.3,100.0,100.0,52.66,2017-03-17T12:44:57.048000
20071001,RURC2L_F,FRYING PAN - RUEDI RES. NR BASALT,0.0,0.0,90.3,0.0,0.0,0.0,2017-03-17T12:45:46.542000
20071002,RURC2L_F,FRYING PAN - RUEDI RES. NR BASALT,0.0,0.0,90.3,0.0,-119.0,0.0,2017-03-17T12:46:32.625000
20071003,RURC2L_F,FRYING PAN - RUEDI RES. NR BASALT,0.0,0.0,90.3,1.0,-4.0,0.37,2017-03-17T12:47:19.005000
20071004,RURC2L_F,FRYING PAN - RUEDI RES. NR BASALT,0.0,0.0,90.3,0.0,0.0,0.0,2017-03-17T12:48:04.663000
20071005,RURC2L_F,FRYING PAN - RUEDI RES. NR BASALT,0.0,0.0,90.3,0.0,0.0,0.0,2017-03-17T12:48:50.639000
20071006,RURC2L_F,FRYING PAN - RUEDI RES. NR BASALT,0.0,0.0,90.3,0.0,0.0,0.0,2017-03-17T12:49:37.523000
20071007,RURC2L_F,FRYING PAN - RUEDI RES. NR BASALT,0.1,2.0,90.3,345.0,245.0,99.54,2017-03-17T12:50:26.911000
20071008,RURC2L_F,FRYING PAN - RUEDI RES. NR BASALT,0.0,1.0,90.3,217.0,217.0,77.61,2017-03-17T12:51:15.604000
20071009,RURC2L_F,FRYING PAN - RUEDI RES. NR BASALT,0.0,0.0,90.3,0.0,0.0,0.0,2017-03-17T12:52:01.861000
20071010,RURC2L_F,FRYING PAN - RUEDI RES. NR BASALT,0.0,0.0,90.3,0.0,-1.0,0.0,2017-03-17T12:52:46.675000
20071011,RURC2L_F,FRYING PAN - RUEDI RES. NR BASALT,0.0,0.0,90.3,0.0,0.0,0.0,2017-03-17T12:53:32.130000
20071012,RURC2L_F,FRYING PAN - RUEDI RES. NR BASALT,0.0,0.0,90.3,0.0,0.0,0.0,2017-03-17T12:54:16.781000
20071013,RURC2L_F,FRYING PAN - RUEDI RES. NR BASALT,0.0,0.0,90.3,0.0,0.0,0.0,2017-03-17T12:55:01.604000
20071014,RURC2L_F,FRYING PAN - RUEDI RES. NR BASALT,0.0,0.0,90.3,9.0,-336.0,4.5,2017-03-17T12:55:46.643000
20071015,RURC2L_F,FRYING PAN - RUEDI RES. NR BASALT,0.6,15.0,90.3,2808.0,2591.0,100.0,2017-03-17T12:56:31.692000
20071016,RURC2L_F,FRYING PAN - RUEDI RES. NR BASALT,0.5,13.0,90.3,2445.0,2445.0,100.0,2017-03-17T12:57:15.495000
20071017,RURC2L_F,FRYING PAN - RUEDI RES. NR BASALT,0.3,6.0,90.3,1228.0,1228.0,94.95,2017-03-17T12:58:00.740000
20071018,RURC2L_F,FRYING PAN - RUEDI RES. NR BASALT,0.7,17.0,90.3,3232.0,3232.0,100.0,2017-03-17T12:58:46.933000
20071019,RURC2L_F,FRYING PAN - RUEDI RES. NR BASALT,0.7,19.0,90.3,3587.0,3587.0,100.0,2017-03-17T12:59:34.508000
20071020,RURC2L_F,FRYING PAN - RUEDI RES. NR BASALT,0.5,13.0,90.3,2394.0,2394.0,97.06,2017-03-17T13:00:21.024000
20071021,RURC2L_F,FRYING PAN - RUEDI RES. NR BASALT,0.2,5.0,90.3,979.0,970.0,100.0,2017-03-17T13:01:07.432000
20071022,RURC2L_F,FRYING PAN - RUEDI RES. NR BASALT,0.7,18.0,90.3,3465.0,657.0,100.0,2017-03-17T13:01:54.558000
20071023,RURC2L_F,FRYING PAN - RUEDI RES. NR BASALT,0.7,18.0,90.3,3417.0,972.0,100.0,2017-03-17T13:02:39.736000
20071024,RURC2L_F,FRYING PAN - RUEDI RES. NR BASALT,0.5,13.0,90.3,2489.0,1261.0,100.0,2017-03-17T13:03:26.612000
20071025,RURC2L_F,FRYING PAN - RUEDI RES. NR BASALT,0.2,6.0,90.3,1119.0,-2113.0,64.59,2017-03-17T13:04:15.529000
20071026,RURC2L_F,FRYING PAN - RUEDI RES. NR BASALT,0.1,3.0,90.3,628.0,-2959.0,40.46,2017-03-17T13:05:00.450000
20071027,RURC2L_F,FRYING PAN - RUEDI RES. NR BASALT,0.1,1.0,90.3,241.0,-2153.0,29.27,2017-03-17T13:05:45.469000
20071028,RURC2L_F,FRYING PAN - RUEDI RES. NR BASALT,0.0,0.0,90.3,60.0,-919.0,8.9,2017-03-17T13:06:30.421000
20071029,RURC2L_F,FRYING PAN - RUEDI RES. NR BASALT,0.0,0.0,90.3,16.0,-3449.0,3.94,2017-03-17T13:07:14.414000
20071030,RURC2L_F,FRYING PAN - RUEDI RES. NR BASALT,0.0,0.0,90.3,0.0,-3417.0,0.18,2017-03-17T13:07:58.616000
20071031,RURC2L_F,FRYING PAN - RUEDI RES. NR BASALT,0.0,0.0,90.3,0.0,-2489.0,0.0,2017-03-17T13:08:44.672000
20071101,RURC2L_F,FRYING PAN - RUEDI RES. NR BASALT,0.1,3.0,90.3,564.0,-555.0,43.21,2017-03-17T13:09:30.128000
20071102,RURC2L_F,FRYING PAN - RUEDI RES. NR BASALT,0.1,2.0,90.3,423.0,-205.0,28.35,2017-03-17T13:10:15.929000
20071103,RURC2L_F,FRYING PAN - RUEDI RES. NR BASALT,0.1,2.0,90.3,371.0,130.0,25.14,2017-03-17T13:11:00.951000
20071104,RURC2L_F,FRYING PAN - RUEDI RES. NR BASALT,0.1,1.0,90.3,267.0,207.0,22.11,2017-03-17T13:11:44.194000
20071105,RURC2L_F,FRYING PAN - RUEDI RES. NR BASALT,0.0,1.0,90.3,110.0,94.0,11.01,2017-03-17T13:12:27.634000
20071106,RURC2L_F,FRYING PAN - RUEDI RES. NR BASALT,0.0,0.0,90.3,72.0,72.0,6.79,2017-03-17T13:13:11.668000
20071107,RURC2L_F,FRYING PAN - RUEDI RES. NR BASALT,0.0,0.0,90.3,36.0,36.0,4.4,2017-03-17T13:13:56.517000
20071108,RURC2L_F,FRYING PAN - RUEDI RES. NR BASALT,0.0,0.0,90.3,26.0,-538.0,3.3,2017-03-17T13:14:43.926000
20071109,RURC2L_F,FRYING PAN - RUEDI RES. NR BASALT,0.0,0.0,90.3,18.0,-405.0,2.29,2017-03-17T13:15:27.993000
20071110,RURC2L_F,FRYING PAN - RUEDI RES. NR BASALT,0.0,0.0,90.3,11.0,-360.0,1.83,2017-03-17T13:16:15.705000
20071111,RURC2L_F,FRYING PAN - RUEDI RES. NR BASALT,0.0,0.0,90.3,6.0,-261.0,1.47,2017-03-17T13:17:01.086000
20071112,RURC2L_F,FRYING PAN - RUEDI RES. NR BASALT,0.0,0.0,90.3,2.0,-108.0,0.55,2017-03-17T13:17:48.426000
20071113,RURC2L_F,FRYING PAN - RUEDI RES. NR BASALT,0.0,0.0,90.3,0.0,-72.0,0.18,2017-03-17T13:18:36.109000
20071114,RURC2L_F,FRYING PAN - RUEDI RES. NR BASALT,0.0,0.0,90.3,0.0,-36.0,0.0,2017-03-17T13:19:21.514000
20071115,RURC2L_F,FRYING PAN - RUEDI RES. NR BASALT,0.1,2.0,90.3,370.0,344.0,39.17,2017-03-17T13:20:09.278000
20071116,RURC2L_F,FRYING PAN - RUEDI RES. NR BASALT,0.0,1.0,90.3,204.0,186.0,23.67,2017-03-17T13:20:57.023000
20071117,RURC2L_F,FRYING PAN - RUEDI RES. NR BASALT,0.0,1.0,90.3,108.0,97.0,17.34,2017-03-17T13:21:43.605000
20071118,RURC2L_F,FRYING PAN - RUEDI RES. NR BASALT,0.0,1.0,90.3,102.0,96.0,19.82,2017-03-17T13:22:31.063000
20071119,RURC2L_F,FRYING PAN - RUEDI RES. NR BASALT,0.0,0.0,90.3,29.0,27.0,7.98,2017-03-17T13:23:19.134000
20071120,RURC2L_F,FRYING PAN - RUEDI RES. NR BASALT,0.0,0.0,90.3,3.0,3.0,1.19,2017-03-17T13:24:07.297000
20071121,RURC2L_F,FRYING PAN - RUEDI RES. NR BASALT,0.0,0.0,90.3,0.0,0.0,0.09,2017-03-17T13:24:57.399000
20071122,RURC2L_F,FRYING PAN - RUEDI RES. NR BASALT,0.2,6.0,90.3,1103.0,733.0,100.0,2017-03-17T13:25:46.527000
20071123,RURC2L_F,FRYING PAN - RUEDI RES. NR BASALT,0.2,6.0,90.3,1048.0,844.0,100.0,2017-03-17T13:26:41.423000
20071124,RURC2L_F,FRYING PAN - RUEDI RES. NR BASALT,0.2,5.0,90.3,974.0,866.0,100.0,2017-03-17T13:27:31.448000
20071125,RURC2L_F,FRYING PAN - RUEDI RES. NR BASALT,0.2,5.0,90.3,918.0,816.0,100.0,2017-03-17T13:28:21.370000
20071126,RURC2L_F,FRYING PAN - RUEDI RES. NR BASALT,0.2,4.0,90.3,841.0,812.0,98.07,2017-03-17T13:29:11.833000
20071127,RURC2L_F,FRYING PAN - RUEDI RES. NR BASALT,0.2,4.0,90.3,788.0,785.0,96.42,2017-03-17T13:30:02.018000
20071128,RURC2L_F,FRYING PAN - RUEDI RES. NR BASALT,0.1,3.0,90.3,507.0,507.0,76.97,2017-03-17T13:30:54.407000
20071129,RURC2L_F,FRYING PAN - RUEDI RES. NR BASALT,0.3,6.0,90.3,1226.0,123.0,100.0,2017-03-17T13:31:47.644000
20071130,RURC2L_F,FRYING PAN - RUEDI RES. NR BASALT,0.2,6.0,90.3,1088.0,40.0,99.72,2017-03-17T13:32:40.748000
20071201,RURC2L_F,FRYING PAN - RUEDI RES. NR BASALT,0.4,11.0,90.3,2008.0,1034.0,100.0,2017-03-17T13:33:30.008000
20071202,RURC2L_F,FRYING PAN - RUEDI RES. NR BASALT,1.3,33.0,90.3,6346.0,5428.0,100.0,2017-03-17T13:34:23.101000
20071203,RURC2L_F,FRYING PAN - RUEDI RES. NR BASALT,1.6,40.0,90.3,7558.0,6717.0,100.0,2017-03-17T13:35:14.856000
20071204,RURC2L_F,FRYING PAN - RUEDI RES. NR BASALT,1.5,39.0,90.3,7408.0,6620.0,100.0,2017-03-17T13:36:08.734000
20071205,RURC2L_F,FRYING PAN - RUEDI RES. NR BASALT,1.5,38.0,90.3,7253.0,6746.0,100.0,2017-03-17T13:37:00.403000
20071206,RURC2L_F,FRYING PAN - RUEDI RES. NR BASALT,2.3,58.0,90.3,11072.0,9846.0,100.0,2017-03-17T13:37:53.059000
20071207,RURC2L_F,FRYING PAN - RUEDI RES. NR BASALT,3.1,78.0,90.3,14766.0,13678.0,100.0,2017-03-17T13:38:46.294000
20071208,RURC2L_F,FRYING PAN - RUEDI RES. NR BASALT,4.2,106.0,90.3,20061.0,18053.0,100.0,2017-03-17T13:39:41.449000
20071209,RURC2L_F,FRYING PAN - RUEDI RES. NR BASALT,4.4,112.0,90.3,21314.0,14968.0,100.0,2017-03-17T13:40:37.720000
20071210,RURC2L_F,FRYING PAN - RUEDI RES. NR BASALT,4.6,118.0,90.3,22353.0,14795.0,100.0,2017-03-17T13:41:33.309000
20071211,RURC2L_F,FRYING PAN - RUEDI RES. NR BASALT,4.1,104.0,90.3,19746.0,12338.0,100.0,2017-03-17T13:42:29.717000
20071212,RURC2L_F,FRYING PAN - RUEDI RES. NR BASALT,4.3,109.0,90.3,20697.0,13444.0,100.0,2017-03-17T13:43:28.477000
20071213,RURC2L_F,FRYING PAN - RUEDI RES. NR BASALT,4.3,110.0,90.3,20939.0,9867.0,100.0,2017-03-17T13:44:26.122000
20071214,RURC2L_F,FRYING PAN - RUEDI RES. NR BASALT,4.4,111.0,90.3,20991.0,6225.0,100.0,2017-03-17T13:45:21.571000
20071215,RURC2L_F,FRYING PAN - RUEDI RES. NR BASALT,4.4,111.0,90.3,21097.0,1036.0,100.0,2017-03-17T13:46:16.624000
20071216,RURC2L_F,FRYING PAN - RUEDI RES. NR BASALT,4.4,112.0,90.3,21168.0,-146.0,100.0,2017-03-17T13:47:13.518000
20071217,RURC2L_F,FRYING PAN - RUEDI RES. NR BASALT,4.4,112.0,90.3,21137.0,-1216.0,100.0,2017-03-17T13:48:10.070000
20071218,RURC2L_F,FRYING PAN - RUEDI RES. NR BASALT,4.4,111.0,90.3,21041.0,1295.0,100.0,2017-03-17T13:49:06.714000
20071219,RURC2L_F,FRYING PAN - RUEDI RES. NR BASALT,4.4,111.0,90.3,20968.0,271.0,100.0,2017-03-17T13:50:03.371000
20071220,RURC2L_F,FRYING PAN - RUEDI RES. NR BASALT,4.4,111.0,90.3,20958.0,19.0,100.0,2017-03-17T13:50:59.635000
20071221,RURC2L_F,FRYING PAN - RUEDI RES. NR BASALT,4.4,111.0,90.3,21053.0,62.0,100.0,2017-03-17T13:51:59.680000
20071222,RURC2L_F,FRYING PAN - RUEDI RES. NR BASALT,4.7,119.0,90.3,22564.0,1467.0,100.0,2017-03-17T13:52:56.995000
20071223,RURC2L_F,FRYING PAN - RUEDI RES. NR BASALT,4.7,119.0,90.3,22611.0,1443.0,100.0,2017-03-17T13:53:52.945000
20071224,RURC2L_F,FRYING PAN - RUEDI RES. NR BASALT,4.8,123.0,90.3,23289.0,2152.0,100.0,2017-03-17T13:54:50.264000
20071225,RURC2L_F,FRYING PAN - RUEDI RES. NR BASALT,4.8,123.0,90.3,23258.0,2217.0,100.0,2017-03-17T13:55:47.131000
20071226,RURC2L_F,FRYING PAN - RUEDI RES. NR BASALT,5.1,129.0,90.3,24515.0,3547.0,100.0,2017-03-17T13:56:42.490000
20071227,RURC2L_F,FRYING PAN - RUEDI RES. NR BASALT,5.4,137.0,90.3,25953.0,4995.0,100.0,2017-03-17T13:57:39.147000
20071228,RURC2L_F,FRYING PAN - RUEDI RES. NR BASALT,5.5,140.0,90.3,26595.0,5542.0,100.0,2017-03-17T13:58:34.969000
20071229,RURC2L_F,FRYING PAN - RUEDI RES. NR BASALT,5.5,141.0,90.3,26695.0,4131.0,100.0,2017-03-17T13:59:29.412000
20071230,RURC2L_F,FRYING PAN - RUEDI RES. NR BASALT,5.7,146.0,90.3,27672.0,5061.0,100.0,2017-03-17T14:00:25.121000
20071231,RURC2L_F,FRYING PAN - RUEDI RES. NR BASALT,6.0,153.0,90.3,29090.0,5801.0,100.0,2017-03-17T14:01:21.486000
20080101,RURC2L_F,FRYING PAN - RUEDI RES. NR BASALT,6.1,154.0,90.3,29221.0,5963.0,100.0,2017-03-17T14:04:12.820000
20080102,RURC2L_F,FRYING PAN - RUEDI RES. NR BASALT,6.1,154.0,90.3,29176.0,4661.0,100.0,2017-03-17T14:05:43.105000
20080103,RURC2L_F,FRYING PAN - RUEDI RES. NR BASALT,6.0,154.0,90.3,29116.0,3163.0,100.0,2017-03-17T14:06:41.395000
20080104,RURC2L_F,FRYING PAN - RUEDI RES. NR BASALT,6.0,153.0,90.3,28985.0,2390.0,100.0,2017-03-17T14:26:15.668000
20080105,RURC2L_F,FRYING PAN - RUEDI RES. NR BASALT,6.1,154.0,90.3,29160.0,2465.0,100.0,2017-03-17T14:27:30.504000
20080106,RURC2L_F,FRYING PAN - RUEDI RES. NR BASALT,6.9,175.0,90.3,33129.0,5457.0,100.0,2017-03-17T14:28:10.274000
20080107,RURC2L_F,FRYING PAN - RUEDI RES. NR BASALT,7.4,188.0,90.3,35569.0,6479.0,100.0,2017-03-17T14:28:47.669000
20080108,RURC2L_F,FRYING PAN - RUEDI RES. NR BASALT,7.8,199.0,90.3,37665.0,8444.0,100.0,2017-03-17T14:29:23.460000
20080109,RURC2L_F,FRYING PAN - RUEDI RES. NR BASALT,7.8,199.0,90.3,37690.0,8514.0,100.0,2017-03-17T14:29:58.573000
20080110,RURC2L_F,FRYING PAN - RUEDI RES. NR BASALT,8.3,210.0,90.3,39841.0,10725.0,100.0,2017-03-17T14:30:34.311000
20080111,RURC2L_F,FRYING PAN - RUEDI RES. NR BASALT,8.4,212.0,90.3,40224.0,11239.0,100.0,2017-03-17T14:31:09.560000
20080112,RURC2L_F,FRYING PAN - RUEDI RES. NR BASALT,8.7,222.0,90.3,42124.0,12964.0,100.0,2017-03-17T14:31:44.533000
20080113,RURC2L_F,FRYING PAN - RUEDI RES. NR BASALT,8.9,226.0,90.3,42790.0,9661.0,100.0,2017-03-17T14:32:18.283000
20080114,RURC2L_F,FRYING PAN - RUEDI RES. NR BASALT,8.9,226.0,90.3,42871.0,7302.0,100.0,2017-03-17T14:32:53.458000
20080115,RURC2L_F,FRYING PAN - RUEDI RES. NR BASALT,8.7,222.0,90.3,42120.0,4455.0,100.0,2017-03-17T14:33:28.521000
20080116,RURC2L_F,FRYING PAN - RUEDI RES. NR BASALT,8.8,223.0,90.3,42327.0,4637.0,100.0,2017-03-17T14:34:03.927000
20080117,RURC2L_F,FRYING PAN - RUEDI RES. NR BASALT,8.8,224.0,90.3,42537.0,2696.0,100.0,2017-03-17T14:34:40.189000
20080118,RURC2L_F,FRYING PAN - RUEDI RES. NR BASALT,8.8,225.0,90.3,42579.0,2355.0,100.0,2017-03-17T14:35:17.205000
20080119,RURC2L_F,FRYING PAN - RUEDI RES. NR BASALT,8.9,226.0,90.3,42913.0,789.0,100.0,2017-03-17T14:35:54.735000
20080120,RURC2L_F,FRYING PAN - RUEDI RES. NR BASALT,9.0,227.0,90.3,43115.0,325.0,100.0,2017-03-17T14:36:31.629000
20080121,RURC2L_F,FRYING PAN - RUEDI RES. NR BASALT,9.0,228.0,90.3,43214.0,343.0,100.0,2017-03-17T14:37:09.034000
20080122,RURC2L_F,FRYING PAN - RUEDI RES. NR BASALT,9.1,232.0,90.3,43926.0,1806.0,100.0,2017-03-17T14:37:46.568000
20080123,RURC2L_F,FRYING PAN - RUEDI RES. NR BASALT,9.3,235.0,90.3,44607.0,2280.0,100.0,2017-03-17T14:38:23.936000
20080124,RURC2L_F,FRYING PAN - RUEDI RES. NR BASALT,9.3,236.0,90.3,44762.0,2225.0,100.0,2017-03-17T14:39:00.975000
20080125,RURC2L_F,FRYING PAN - RUEDI RES. NR BASALT,9.3,237.0,90.3,44967.0,2388.0,100.0,2017-03-17T14:39:39.325000
20080126,RURC2L_F,FRYING PAN - RUEDI RES. NR BASALT,9.7,245.0,90.3,46528.0,3615.0,100.0,2017-03-17T14:40:17.900000
20080127,RURC2L_F,FRYING PAN - RUEDI RES. NR BASALT,9.7,246.0,90.3,46709.0,3594.0,100.0,2017-03-17T14:40:56.682000
20080128,RURC2L_F,FRYING PAN - RUEDI RES. NR BASALT,9.8,249.0,90.3,47159.0,3945.0,100.0,2017-03-17T14:41:35.853000
20080129,RURC2L_F,FRYING PAN - RUEDI RES. NR BASALT,10.9,276.0,90.3,52318.0,8392.0,100.0,2017-03-17T14:42:14.305000
20080130,RURC2L_F,FRYING PAN - RUEDI RES. NR BASALT,11.0,280.0,90.3,53033.0,8426.0,100.0,2017-03-17T14:42:52.175000
20080131,RURC2L_F,FRYING PAN - RUEDI RES. NR BASALT,11.5,292.0,90.3,55296.0,10534.0,100.0,2017-03-17T14:43:29.208000
20080201,RURC2L_F,FRYING PAN - RUEDI RES. NR BASALT,11.2,284.0,90.3,53874.0,8907.0,100.0,2017-03-17T14:44:08.162000
20080202,RURC2L_F,FRYING PAN - RUEDI RES. NR BASALT,11.6,294.0,90.3,55678.0,9150.0,100.0,2017-03-17T14:44:47.575000
20080203,RURC2L_F,FRYING PAN - RUEDI RES. NR BASALT,11.8,299.0,90.3,56704.0,9995.0,100.0,2017-03-17T14:45:26.336000
20080204,RURC2L_F,FRYING PAN - RUEDI RES. NR BASALT,12.1,308.0,90.3,58402.0,11243.0,100.0,2017-03-17T14:46:09.774000
20080205,RURC2L_F,FRYING PAN - RUEDI RES. NR BASALT,12.4,315.0,90.3,59615.0,7297.0,100.0,2017-03-17T14:46:47.247000
20080206,RURC2L_F,FRYING PAN - RUEDI RES. NR BASALT,12.5,317.0,90.3,60108.0,7075.0,100.0,2017-03-17T14:47:26.132000
20080207,RURC2L_F,FRYING PAN - RUEDI RES. NR BASALT,12.7,323.0,90.3,61245.0,5949.0,100.0,2017-03-17T14:48:04.224000
20080208,RURC2L_F,FRYING PAN - RUEDI RES. NR BASALT,13.0,331.0,90.3,62828.0,8954.0,100.0,2017-03-17T14:48:43.320000
20080209,RURC2L_F,FRYING PAN - RUEDI RES. NR BASALT,13.3,338.0,90.3,64046.0,8368.0,100.0,2017-03-17T14:49:21.014000
20080210,RURC2L_F,FRYING PAN - RUEDI RES. NR BASALT,13.3,338.0,90.3,64108.0,7404.0,100.0,2017-03-17T14:49:57.618000
20080211,RURC2L_F,FRYING PAN - RUEDI RES. NR BASALT,13.3,338.0,90.3,64024.0,5622.0,100.0,2017-03-17T14:50:37.978000
20080212,RURC2L_F,FRYING PAN - RUEDI RES. NR BASALT,13.4,341.0,90.3,64640.0,5025.0,100.0,2017-03-17T14:51:16.741000
20080213,RURC2L_F,FRYING PAN - RUEDI RES. NR BASALT,13.5,342.0,90.3,64792.0,4684.0,100.0,2017-03-17T14:51:54.516000
20080214,RURC2L_F,FRYING PAN - RUEDI RES. NR BASALT,13.4,342.0,90.3,64749.0,3504.0,100.0,2017-03-17T14:52:33.198000
20080215,RURC2L_F,FRYING PAN - RUEDI RES. NR BASALT,13.7,348.0,90.3,65953.0,3125.0,100.0,2017-03-17T14:53:11.346000
20080216,RURC2L_F,FRYING PAN - RUEDI RES. NR BASALT,13.7,348.0,90.3,65917.0,1871.0,100.0,2017-03-17T14:53:48.458000
20080217,RURC2L_F,FRYING PAN - RUEDI RES. NR BASALT,13.8,349.0,90.3,66230.0,2122.0,100.0,2017-03-17T14:54:27.754000
20080218,RURC2L_F,FRYING PAN - RUEDI RES. NR BASALT,13.8,351.0,90.3,66598.0,2574.0,100.0,2017-03-17T14:55:06.688000
20080219,RURC2L_F,FRYING PAN - RUEDI RES. NR BASALT,13.8,351.0,90.3,66540.0,1900.0,100.0,2017-03-17T14:55:44.813000
20080220,RURC2L_F,FRYING PAN - RUEDI RES. NR BASALT,14.1,357.0,90.3,67751.0,2959.0,100.0,2017-03-17T14:56:21.894000
20080221,RURC2L_F,FRYING PAN - RUEDI RES. NR BASALT,14.1,358.0,90.3,67884.0,3135.0,100.0,2017-03-17T14:56:58.559000
20080222,RURC2L_F,FRYING PAN - RUEDI RES. NR BASALT,14.2,360.0,90.3,68331.0,2378.0,100.0,2017-03-17T14:57:35.975000
20080223,RURC2L_F,FRYING PAN - RUEDI RES. NR BASALT,14.3,362.0,90.3,68653.0,2736.0,100.0,2017-03-17T14:58:14.937000
20080224,RURC2L_F,FRYING PAN - RUEDI RES. NR BASALT,14.5,367.0,90.3,69624.0,3394.0,100.0,2017-03-17T14:58:53.401000
20080225,RURC2L_F,FRYING PAN - RUEDI RES. NR BASALT,14.7,374.0,90.3,70967.0,4369.0,100.0,2017-03-17T14:59:31.922000
20080226,RURC2L_F,FRYING PAN - RUEDI RES. NR BASALT,15.2,386.0,90.3,73167.0,6627.0,100.0,2017-03-17T15:00:09.707000
20080227,RURC2L_F,FRYING PAN - RUEDI RES. NR BASALT,15.3,389.0,90.3,73658.0,5907.0,100.0,2017-03-17T15:00:46.053000
20080228,RURC2L_F,FRYING PAN - RUEDI RES. NR BASALT,15.3,388.0,90.3,73565.0,5681.0,100.0,2017-03-17T15:01:21.380000
20080229,RURC2L_F,FRYING PAN - RUEDI RES. NR BASALT,15.2,387.0,90.3,73417.0,5086.0,100.0,2017-03-17T15:01:56.755000
20080301,RURC2L_F,FRYING PAN - RUEDI RES. NR BASALT,15.2,386.0,90.3,73204.0,4551.0,100.0,2017-03-17T15:02:32.961000
20080302,RURC2L_F,FRYING PAN - RUEDI RES. NR BASALT,15.1,383.0,90.3,72663.0,3039.0,100.0,2017-03-17T15:03:08.329000
20080303,RURC2L_F,FRYING PAN - RUEDI RES. NR BASALT,15.4,392.0,90.3,74336.0,3369.0,100.0,2017-03-17T15:03:43.395000
20080304,RURC2L_F,FRYING PAN - RUEDI RES. NR BASALT,16.0,405.0,90.3,76811.0,3644.0,100.0,2017-03-17T15:04:19.896000
20080305,RURC2L_F,FRYING PAN - RUEDI RES. NR BASALT,16.1,409.0,90.3,77568.0,3910.0,100.0,2017-03-17T15:04:56.538000
20080306,RURC2L_F,FRYING PAN - RUEDI RES. NR BASALT,16.1,409.0,90.3,77550.0,3985.0,100.0,2017-03-17T15:05:33.022000
20080307,RURC2L_F,FRYING PAN - RUEDI RES. NR BASALT,16.1,409.0,90.3,77579.0,4162.0,100.0,2017-03-17T15:06:10.599000
20080308,RURC2L_F,FRYING PAN - RUEDI RES. NR BASALT,16.1,410.0,90.3,77634.0,4430.0,100.0,2017-03-17T15:06:48.410000
20080309,RURC2L_F,FRYING PAN - RUEDI RES. NR BASALT,16.3,413.0,90.3,78277.0,5614.0,100.0,2017-03-17T15:07:26.275000
20080310,RURC2L_F,FRYING PAN - RUEDI RES. NR BASALT,16.3,413.0,90.3,78262.0,3926.0,100.0,2017-03-17T15:08:01.237000
20080311,RURC2L_F,FRYING PAN - RUEDI RES. NR BASALT,16.3,413.0,90.3,78323.0,1512.0,100.0,2017-03-17T15:08:35.658000
20080312,RURC2L_F,FRYING PAN - RUEDI RES. NR BASALT,16.2,413.0,90.3,78228.0,660.0,100.0,2017-03-17T15:09:10.933000
20080314,RURC2L_F,FRYING PAN - RUEDI RES. NR BASALT,16.4,418.0,90.3,79180.0,1601.0,100.0,2017-03-17T15:09:44.924000
20080315,RURC2L_F,FRYING PAN - RUEDI RES. NR BASALT,17.2,437.0,90.3,82864.0,5230.0,100.0,2017-03-17T15:10:18.743000
20080316,RURC2L_F,FRYING PAN - RUEDI RES. NR BASALT,17.2,437.0,90.3,82861.0,4584.0,100.0,2017-03-17T15:10:52.556000
20080317,RURC2L_F,FRYING PAN - RUEDI RES. NR BASALT,17.2,438.0,90.3,83009.0,4747.0,100.0,2017-03-17T15:11:26.593000
20080318,RURC2L_F,FRYING PAN - RUEDI RES. NR BASALT,17.5,444.0,90.3,84202.0,5879.0,100.0,2017-03-17T15:12:01.312000
20080319,RURC2L_F,FRYING PAN - RUEDI RES. NR BASALT,17.5,444.0,90.3,84156.0,5928.0,100.0,2017-03-17T15:12:35.961000
20080320,RURC2L_F,FRYING PAN - RUEDI RES. NR BASALT,17.5,443.0,90.3,84045.0,NULL,100.0,2017-03-17T15:13:09.223000
20080321,RURC2L_F,FRYING PAN - RUEDI RES. NR BASALT,17.6,448.0,90.3,84938.0,5758.0,100.0,2017-03-17T15:13:43.723000
20080322,RURC2L_F,FRYING PAN - RUEDI RES. NR BASALT,17.6,448.0,90.3,84853.0,1989.0,100.0,2017-03-17T15:14:18.072000
20080323,RURC2L_F,FRYING PAN - RUEDI RES. NR BASALT,17.6,447.0,90.3,84780.0,1919.0,100.0,2017-03-17T15:14:51.119000
20080324,RURC2L_F,FRYING PAN - RUEDI RES. NR BASALT,17.6,447.0,90.3,84675.0,1666.0,100.0,2017-03-17T15:15:26.988000
20080325,RURC2L_F,FRYING PAN - RUEDI RES. NR BASALT,17.5,445.0,90.3,84348.0,146.0,100.0,2017-03-17T15:16:01.062000
20080326,RURC2L_F,FRYING PAN - RUEDI RES. NR BASALT,17.4,442.0,90.3,83857.0,-299.0,100.0,2017-03-17T15:16:34.133000
20080327,RURC2L_F,FRYING PAN - RUEDI RES. NR BASALT,17.3,438.0,90.3,83117.0,-928.0,100.0,2017-03-17T15:17:06.972000
20080328,RURC2L_F,FRYING PAN - RUEDI RES. NR BASALT,17.5,445.0,90.3,84363.0,-575.0,100.0,2017-03-17T15:17:41.772000
20080329,RURC2L_F,FRYING PAN - RUEDI RES. NR BASALT,17.5,444.0,90.3,84114.0,-739.0,100.0,2017-03-17T15:18:16.669000
20080330,RURC2L_F,FRYING PAN - RUEDI RES. NR BASALT,17.5,443.0,90.3,84031.0,-749.0,100.0,2017-03-17T15:18:50.882000
20080331,RURC2L_F,FRYING PAN - RUEDI RES. NR BASALT,17.5,444.0,90.3,84172.0,-503.0,100.0,2017-03-17T15:19:24.007000
20080401,RURC2L_F,FRYING PAN - RUEDI RES. NR BASALT,18.0,458.0,90.3,86782.0,2434.0,100.0,2017-03-17T15:19:58.947000
20080402,RURC2L_F,FRYING PAN - RUEDI RES. NR BASALT,18.0,457.0,90.3,86667.0,2810.0,100.0,2017-03-17T15:20:33.654000
20080403,RURC2L_F,FRYING PAN - RUEDI RES. NR BASALT,18.5,469.0,90.3,88879.0,5762.0,100.0,2017-03-17T15:21:06.951000
20080404,RURC2L_F,FRYING PAN - RUEDI RES. NR BASALT,18.7,474.0,90.3,89905.0,5542.0,100.0,2017-03-17T15:21:41.059000
20080405,RURC2L_F,FRYING PAN - RUEDI RES. NR BASALT,18.6,473.0,90.3,89693.0,5579.0,100.0,2017-03-17T15:22:14.769000
20080406,RURC2L_F,FRYING PAN - RUEDI RES. NR BASALT,18.7,476.0,90.3,90255.0,6224.0,100.0,2017-03-17T15:22:48.190000
20080407,RURC2L_F,FRYING PAN - RUEDI RES. NR BASALT,18.8,477.0,90.3,90458.0,6286.0,100.0,2017-03-17T15:23:20.990000
20080408,RURC2L_F,FRYING PAN - RUEDI RES. NR BASALT,19.1,485.0,90.3,91851.0,5069.0,100.0,2017-03-17T15:23:53.365000
20080409,RURC2L_F,FRYING PAN - RUEDI RES. NR BASALT,19.5,494.0,90.3,93659.0,6992.0,100.0,2017-03-17T15:24:23.910000
20080410,RURC2L_F,FRYING PAN - RUEDI RES. NR BASALT,19.5,495.0,90.3,93921.0,5042.0,100.0,2017-03-17T15:24:55.921000
20080411,RURC2L_F,FRYING PAN - RUEDI RES. NR BASALT,20.1,510.0,90.3,96698.0,6793.0,100.0,2017-03-17T15:25:28.034000
20080412,RURC2L_F,FRYING PAN - RUEDI RES. NR BASALT,20.4,518.0,90.3,98273.0,8580.0,100.0,2017-03-17T15:25:59.496000
20080413,RURC2L_F,FRYING PAN - RUEDI RES. NR BASALT,20.4,518.0,90.3,98224.0,7969.0,100.0,2017-03-17T15:26:31.385000
20080414,RURC2L_F,FRYING PAN - RUEDI RES. NR BASALT,20.3,517.0,90.3,97945.0,7487.0,100.0,2017-03-17T15:27:02.959000
20080415,RURC2L_F,FRYING PAN - RUEDI RES. NR BASALT,20.2,513.0,90.3,97191.0,5340.0,100.0,2017-03-17T15:27:34.530000
20080416,RURC2L_F,FRYING PAN - RUEDI RES. NR BASALT,19.8,503.0,90.3,95429.0,1770.0,100.0,2017-03-17T15:28:06.467000
20080417,RURC2L_F,FRYING PAN - RUEDI RES. NR BASALT,19.9,506.0,90.3,95960.0,2039.0,100.0,2017-03-17T15:28:36.785000
20080418,RURC2L_F,FRYING PAN - RUEDI RES. NR BASALT,19.7,501.0,90.3,94886.0,-1812.0,100.0,2017-03-17T15:29:06.406000
20080419,RURC2L_F,FRYING PAN - RUEDI RES. NR BASALT,19.6,498.0,90.3,94399.0,-3874.0,100.0,2017-03-17T15:29:37.136000
20080420,RURC2L_F,FRYING PAN - RUEDI RES. NR BASALT,19.3,491.0,90.3,93059.0,-5165.0,100.0,2017-03-17T15:30:06.943000
20080421,RURC2L_F,FRYING PAN - RUEDI RES. NR BASALT,18.9,481.0,90.3,91137.0,-6808.0,100.0,2017-03-17T15:30:36.696000
20080422,RURC2L_F,FRYING PAN - RUEDI RES. NR BASALT,18.6,473.0,90.3,89747.0,-7444.0,100.0,2017-03-17T15:31:06.499000
20080423,RURC2L_F,FRYING PAN - RUEDI RES. NR BASALT,18.4,467.0,90.3,88449.0,-6980.0,100.0,2017-03-17T15:31:35.421000
20080424,RURC2L_F,FRYING PAN - RUEDI RES. NR BASALT,17.9,455.0,90.3,86159.0,-9801.0,100.0,2017-03-17T15:32:04.534000
20080425,RURC2L_F,FRYING PAN - RUEDI RES. NR BASALT,17.6,448.0,90.3,84960.0,-9926.0,100.0,2017-03-17T15:32:35.362000
20080426,RURC2L_F,FRYING PAN - RUEDI RES. NR BASALT,17.7,449.0,90.3,85040.0,-9359.0,100.0,2017-03-17T15:33:07.175000
20080427,RURC2L_F,FRYING PAN - RUEDI RES. NR BASALT,17.6,446.0,90.3,84582.0,-8477.0,100.0,2017-03-17T15:33:37.992000
20080428,RURC2L_F,FRYING PAN - RUEDI RES. NR BASALT,17.4,443.0,90.3,83935.0,-7202.0,100.0,2017-03-17T15:34:06.935000
20080429,RURC2L_F,FRYING PAN - RUEDI RES. NR BASALT,17.1,435.0,90.3,82534.0,-7213.0,100.0,2017-03-17T15:34:37.131000
20080430,RURC2L_F,FRYING PAN - RUEDI RES. NR BASALT,16.6,421.0,90.3,79886.0,-8563.0,99.82,2017-03-17T15:35:06.916000
20080501,RURC2L_F,FRYING PAN - RUEDI RES. NR BASALT,15.9,404.0,90.3,76645.0,-9514.0,99.36,2017-03-17T15:35:35.910000
20080502,RURC2L_F,FRYING PAN - RUEDI RES. NR BASALT,16.5,420.0,90.3,79642.0,-5318.0,100.0,2017-03-17T15:36:05.131000
20080503,RURC2L_F,FRYING PAN - RUEDI RES. NR BASALT,16.6,421.0,90.3,79814.0,-5226.0,100.0,2017-03-17T15:36:35.507000
20080504,RURC2L_F,FRYING PAN - RUEDI RES. NR BASALT,16.5,418.0,90.3,79260.0,-5322.0,100.0,2017-03-17T15:37:04.178000
20080505,RURC2L_F,FRYING PAN - RUEDI RES. NR BASALT,16.2,412.0,90.3,78060.0,-5875.0,99.36,2017-03-17T15:37:32.153000
20080506,RURC2L_F,FRYING PAN - RUEDI RES. NR BASALT,15.8,400.0,90.3,75862.0,-6672.0,99.08,2017-03-17T15:38:00.181000
20080507,RURC2L_F,FRYING PAN - RUEDI RES. NR BASALT,15.4,391.0,90.3,74137.0,-5749.0,98.9,2017-03-17T15:38:28.597000
20080508,RURC2L_F,FRYING PAN - RUEDI RES. NR BASALT,14.9,379.0,90.3,71859.0,-4786.0,98.62,2017-03-17T15:38:56.845000
20080509,RURC2L_F,FRYING PAN - RUEDI RES. NR BASALT,14.9,379.0,90.3,71888.0,-7754.0,98.53,2017-03-17T15:39:25.650000
20080510,RURC2L_F,FRYING PAN - RUEDI RES. NR BASALT,14.6,370.0,90.3,70107.0,-9707.0,100.0,2017-03-17T15:39:54.947000
20080511,RURC2L_F,FRYING PAN - RUEDI RES. NR BASALT,15.1,382.0,90.3,72487.0,-6773.0,100.0,2017-03-17T15:40:23.023000
20080512,RURC2L_F,FRYING PAN - RUEDI RES. NR BASALT,14.7,373.0,90.3,70707.0,-7353.0,99.45,2017-03-17T15:40:51.036000
20080513,RURC2L_F,FRYING PAN - RUEDI RES. NR BASALT,14.1,357.0,90.3,67702.0,-8160.0,96.61,2017-03-17T15:41:19.637000
20080514,RURC2L_F,FRYING PAN - RUEDI RES. NR BASALT,14.1,358.0,90.3,67794.0,-6343.0,100.0,2017-03-17T15:41:48.025000
20080515,RURC2L_F,FRYING PAN - RUEDI RES. NR BASALT,15.0,381.0,90.3,72172.0,313.0,96.97,2017-03-17T15:42:17.120000
20080516,RURC2L_F,FRYING PAN - RUEDI RES. NR BASALT,14.7,374.0,90.3,70943.0,-945.0,96.51,2017-03-17T15:42:46.057000
20080517,RURC2L_F,FRYING PAN - RUEDI RES. NR BASALT,14.3,364.0,90.3,69007.0,-1100.0,96.15,2017-03-17T15:43:12.899000
20080518,RURC2L_F,FRYING PAN - RUEDI RES. NR BASALT,13.8,350.0,90.3,66305.0,-6182.0,95.32,2017-03-17T15:43:39.610000
20080519,RURC2L_F,FRYING PAN - RUEDI RES. NR BASALT,12.9,327.0,90.3,61935.0,-8772.0,92.75,2017-03-17T15:44:06.196000
20080520,RURC2L_F,FRYING PAN - RUEDI RES. NR BASALT,11.9,301.0,90.3,57093.0,-10609.0,88.81,2017-03-17T15:44:32.613000
20080521,RURC2L_F,FRYING PAN - RUEDI RES. NR BASALT,11.0,279.0,90.3,52941.0,-14853.0,85.78,2017-03-17T15:44:59.624000
20080522,RURC2L_F,FRYING PAN - RUEDI RES. NR BASALT,9.8,250.0,90.3,47345.0,-24827.0,82.94,2017-03-17T15:45:27.236000
20080523,RURC2L_F,FRYING PAN - RUEDI RES. NR BASALT,10.0,254.0,90.3,48195.0,-22748.0,83.39,2017-03-17T15:45:55.470000
20080524,RURC2L_F,FRYING PAN - RUEDI RES. NR BASALT,9.7,245.0,90.3,46484.0,-22523.0,82.48,2017-03-17T15:46:24.071000
20080525,RURC2L_F,FRYING PAN - RUEDI RES. NR BASALT,9.4,240.0,90.3,45419.0,-20886.0,81.65,2017-03-17T15:46:53.719000
20080526,RURC2L_F,FRYING PAN - RUEDI RES. NR BASALT,9.1,231.0,90.3,43870.0,-18065.0,79.91,2017-03-17T15:47:20.646000
20080527,RURC2L_F,FRYING PAN - RUEDI RES. NR BASALT,8.7,220.0,90.3,41740.0,-15353.0,78.99,2017-03-17T15:47:47.990000
20080528,RURC2L_F,FRYING PAN - RUEDI RES. NR BASALT,8.3,211.0,90.3,40017.0,-12924.0,77.89,2017-03-17T15:48:14.569000
20080529,RURC2L_F,FRYING PAN - RUEDI RES. NR BASALT,7.6,192.0,90.3,36396.0,-10949.0,74.77,2017-03-17T15:48:40.271000
20080530,RURC2L_F,FRYING PAN - RUEDI RES. NR BASALT,6.4,162.0,90.3,30771.0,-17424.0,71.74,2017-03-17T15:49:06.113000
20080531,RURC2L_F,FRYING PAN - RUEDI RES. NR BASALT,6.0,152.0,90.3,28892.0,-17592.0,70.92,2017-03-17T15:49:32.760000
20080601,RURC2L_F,FRYING PAN - RUEDI RES. NR BASALT,5.5,140.0,90.3,26523.0,-18896.0,68.26,2017-03-17T15:49:59.484000
20080602,RURC2L_F,FRYING PAN - RUEDI RES. NR BASALT,4.9,124.0,90.3,23553.0,-20317.0,64.86,2017-03-17T15:50:26.351000
20080603,RURC2L_F,FRYING PAN - RUEDI RES. NR BASALT,4.3,109.0,90.3,20690.0,-21050.0,61.83,2017-03-17T15:50:52.375000
20080604,RURC2L_F,FRYING PAN - RUEDI RES. NR BASALT,3.8,97.0,90.3,18294.0,-21723.0,60.09,2017-03-17T15:51:18.497000
20080605,RURC2L_F,FRYING PAN - RUEDI RES. NR BASALT,3.4,87.0,90.3,16484.0,-19912.0,56.24,2017-03-17T15:51:46.154000
20080606,RURC2L_F,FRYING PAN - RUEDI RES. NR BASALT,3.4,86.0,90.3,16306.0,-14465.0,63.49,2017-03-17T15:52:13.065000
20080607,RURC2L_F,FRYING PAN - RUEDI RES. NR BASALT,3.1,79.0,90.3,15018.0,-13874.0,54.4,2017-03-17T15:52:39.336000
20080608,RURC2L_F,FRYING PAN - RUEDI RES. NR BASALT,2.6,66.0,90.3,12551.0,-13972.0,49.63,2017-03-17T15:53:05.569000
20080609,RURC2L_F,FRYING PAN - RUEDI RES. NR BASALT,2.5,63.0,90.3,12011.0,-11542.0,49.36,2017-03-17T15:53:31.471000
20080610,RURC2L_F,FRYING PAN - RUEDI RES. NR BASALT,2.3,59.0,90.3,11249.0,-9441.0,48.44,2017-03-17T15:53:58.563000
20080611,RURC2L_F,FRYING PAN - RUEDI RES. NR BASALT,2.0,50.0,90.3,9449.0,-8845.0,46.51,2017-03-17T15:54:27.172000
20080612,RURC2L_F,FRYING PAN - RUEDI RES. NR BASALT,1.9,47.0,90.3,8929.0,-7555.0,47.25,2017-03-17T15:54:54.638000
20080614,RURC2L_F,FRYING PAN - RUEDI RES. NR BASALT,1.5,39.0,90.3,7383.0,-7635.0,43.3,2017-03-17T15:55:21.726000
20080615,RURC2L_F,FRYING PAN - RUEDI RES. NR BASALT,1.3,33.0,90.3,6321.0,-6230.0,39.27,2017-03-17T15:55:51.302000
20080616,RURC2L_F,FRYING PAN - RUEDI RES. NR BASALT,1.1,27.0,90.3,5124.0,-6887.0,35.6,2017-03-17T15:56:18.223000
20080617,RURC2L_F,FRYING PAN - RUEDI RES. NR BASALT,0.8,21.0,90.3,4002.0,-7247.0,31.38,2017-03-17T15:56:44.089000
20080619,RURC2L_F,FRYING PAN - RUEDI RES. NR BASALT,0.4,11.0,90.3,2162.0,-6767.0,24.68,2017-03-17T15:57:09.230000
20080620,RURC2L_F,FRYING PAN - RUEDI RES. NR BASALT,0.3,8.0,90.3,1588.0,NULL,21.38,2017-03-17T15:57:34.875000
20080621,RURC2L_F,FRYING PAN - RUEDI RES. NR BASALT,0.2,6.0,90.3,1194.0,-6189.0,20.09,2017-03-17T15:57:59.044000
20080622,RURC2L_F,FRYING PAN - RUEDI RES. NR BASALT,0.2,5.0,90.3,874.0,-5447.0,16.51,2017-03-17T15:58:24.003000
20080623,RURC2L_F,FRYING PAN - RUEDI RES. NR BASALT,0.1,3.0,90.3,571.0,-4553.0,13.85,2017-03-17T15:58:49.760000
20080624,RURC2L_F,FRYING PAN - RUEDI RES. NR BASALT,0.1,2.0,90.3,373.0,-3629.0,10.46,2017-03-17T15:59:17.026000
20080625,RURC2L_F,FRYING PAN - RUEDI RES. NR BASALT,0.0,1.0,90.3,230.0,NULL,3.67,2017-03-17T15:59:42.767000
20080626,RURC2L_F,FRYING PAN - RUEDI RES. NR BASALT,0.0,1.0,90.3,163.0,-1999.0,1.93,2017-03-17T16:00:06.823000
20080627,RURC2L_F,FRYING PAN - RUEDI RES. NR BASALT,0.0,1.0,90.3,128.0,-1460.0,1.93,2017-03-17T16:00:32.813000
20080628,RURC2L_F,FRYING PAN - RUEDI RES. NR BASALT,0.0,1.0,90.3,98.0,-1096.0,1.83,2017-03-17T16:00:58.669000
20080629,RURC2L_F,FRYING PAN - RUEDI RES. NR BASALT,0.0,0.0,90.3,66.0,-808.0,1.65,2017-03-17T16:01:24.673000
20080630,RURC2L_F,FRYING PAN - RUEDI RES. NR BASALT,0.0,0.0,90.3,43.0,-528.0,1.28,2017-03-17T16:01:50.314000
20080701,RURC2L_F,FRYING PAN - RUEDI RES. NR BASALT,0.0,0.0,90.3,30.0,-343.0,0.83,2017-03-17T16:02:15.861000
20080702,RURC2L_F,FRYING PAN - RUEDI RES. NR BASALT,0.0,0.0,90.3,19.0,-211.0,0.83,2017-03-17T16:02:41.255000
20080703,RURC2L_F,FRYING PAN - RUEDI RES. NR BASALT,0.0,0.0,90.3,10.0,-153.0,0.83,2017-03-17T16:03:08.162000
20080704,RURC2L_F,FRYING PAN - RUEDI RES. NR BASALT,0.0,0.0,90.3,0.0,-128.0,0.0,2017-03-17T16:03:33.700000
20080705,RURC2L_F,FRYING PAN - RUEDI RES. NR BASALT,0.0,0.0,90.3,0.0,-98.0,0.0,2017-03-17T16:03:59.923000
20080706,RURC2L_F,FRYING PAN - RUEDI RES. NR BASALT,0.0,0.0,90.3,0.0,-66.0,0.0,2017-03-17T16:04:24.719000
20080707,RURC2L_F,FRYING PAN - RUEDI RES. NR BASALT,0.0,0.0,90.3,0.0,-43.0,0.0,2017-03-17T16:04:51.248000
20080708,RURC2L_F,FRYING PAN - RUEDI RES. NR BASALT,0.0,0.0,90.3,0.0,-30.0,0.0,2017-03-17T16:05:15.749000
20080709,RURC2L_F,FRYING PAN - RUEDI RES. NR BASALT,0.0,0.0,90.3,0.0,-19.0,0.0,2017-03-17T16:05:40.146000
20080710,RURC2L_F,FRYING PAN - RUEDI RES. NR BASALT,0.0,0.0,90.3,0.0,-10.0,0.0,2017-03-17T16:06:04.968000
20080711,RURC2L_F,FRYING PAN - RUEDI RES. NR BASALT,0.0,0.0,90.3,0.0,0.0,0.0,2017-03-17T16:06:29.998000
20080712,RURC2L_F,FRYING PAN - RUEDI RES. NR BASALT,0.0,0.0,90.3,0.0,0.0,0.0,2017-03-17T16:06:55.136000
20080713,RURC2L_F,FRYING PAN - RUEDI RES. NR BASALT,0.0,0.0,90.3,0.0,0.0,0.0,2017-03-17T16:07:20.235000
20080714,RURC2L_F,FRYING PAN - RUEDI RES. NR BASALT,0.0,0.0,90.3,0.0,0.0,0.0,2017-03-17T16:07:45.097000
20080715,RURC2L_F,FRYING PAN - RUEDI RES. NR BASALT,0.0,0.0,90.3,0.0,0.0,0.0,2017-03-17T16:08:10.577000
20080716,RURC2L_F,FRYING PAN - RUEDI RES. NR BASALT,0.0,0.0,90.3,0.0,0.0,0.0,2017-03-17T16:08:36.028000
20080717,RURC2L_F,FRYING PAN - RUEDI RES. NR BASALT,0.0,0.0,90.3,0.0,0.0,0.0,2017-03-17T16:09:00.913000
20080718,RURC2L_F,FRYING PAN - RUEDI RES. NR BASALT,0.0,0.0,90.3,0.0,0.0,0.0,2017-03-17T16:09:25.532000
20080719,RURC2L_F,FRYING PAN - RUEDI RES. NR BASALT,0.0,0.0,90.3,0.0,0.0,0.0,2017-03-17T16:09:49.200000
20080720,RURC2L_F,FRYING PAN - RUEDI RES. NR BASALT,0.0,0.0,90.3,0.0,0.0,0.0,2017-03-17T16:10:14.494000
20080721,RURC2L_F,FRYING PAN - RUEDI RES. NR BASALT,0.0,0.0,90.3,0.0,0.0,0.0,2017-03-17T16:10:40.740000
20080722,RURC2L_F,FRYING PAN - RUEDI RES. NR BASALT,0.0,0.0,90.3,0.0,0.0,0.0,2017-03-17T16:11:07.964000
20080723,RURC2L_F,FRYING PAN - RUEDI RES. NR BASALT,0.0,0.0,90.3,0.0,0.0,0.0,2017-03-17T16:11:33.914000
20080724,RURC2L_F,FRYING PAN - RUEDI RES. NR BASALT,0.0,0.0,90.3,0.0,0.0,0.0,2017-03-17T16:11:59.242000
20080725,RURC2L_F,FRYING PAN - RUEDI RES. NR BASALT,0.0,0.0,90.3,0.0,0.0,0.0,2017-03-17T16:12:24.283000
20080726,RURC2L_F,FRYING PAN - RUEDI RES. NR BASALT,0.0,0.0,90.3,0.0,0.0,0.0,2017-03-17T16:12:50.549000
20080727,RURC2L_F,FRYING PAN - RUEDI RES. NR BASALT,0.0,0.0,90.3,0.0,0.0,0.0,2017-03-17T16:13:15.277000
20080728,RURC2L_F,FRYING PAN - RUEDI RES. NR BASALT,0.0,0.0,90.3,0.0,0.0,0.0,2017-03-17T16:13:39.533000
20080729,RURC2L_F,FRYING PAN - RUEDI RES. NR BASALT,0.0,0.0,90.3,0.0,0.0,0.0,2017-03-17T16:14:03.314000
20080730,RURC2L_F,FRYING PAN - RUEDI RES. NR BASALT,0.0,0.0,90.3,0.0,0.0,0.0,2017-03-17T16:14:28.112000
20080731,RURC2L_F,FRYING PAN - RUEDI RES. NR BASALT,0.0,0.0,90.3,0.0,0.0,0.0,2017-03-17T16:14:52.139000
20080801,RURC2L_F,FRYING PAN - RUEDI RES. NR BASALT,0.0,0.0,90.3,0.0,0.0,0.0,2017-03-17T16:15:17.111000
20080802,RURC2L_F,FRYING PAN - RUEDI RES. NR BASALT,0.0,0.0,90.3,0.0,0.0,0.0,2017-03-17T16:15:41.236000
20080803,RURC2L_F,FRYING PAN - RUEDI RES. NR BASALT,0.0,0.0,90.3,0.0,0.0,0.0,2017-03-17T16:16:06.671000
20080804,RURC2L_F,FRYING PAN - RUEDI RES. NR BASALT,0.0,0.0,90.3,0.0,0.0,0.0,2017-03-17T16:16:32.088000
20080805,RURC2L_F,FRYING PAN - RUEDI RES. NR BASALT,0.0,0.0,90.3,0.0,0.0,0.0,2017-03-17T16:16:56.942000
20080806,RURC2L_F,FRYING PAN - RUEDI RES. NR BASALT,0.0,0.0,90.3,0.0,0.0,0.0,2017-03-17T16:17:22.361000
20080807,RURC2L_F,FRYING PAN - RUEDI RES. NR BASALT,0.0,0.0,90.3,0.0,0.0,0.0,2017-03-17T16:17:48.907000
20080808,RURC2L_F,FRYING PAN - RUEDI RES. NR BASALT,0.0,0.0,90.3,0.0,0.0,0.0,2017-03-17T16:18:16.289000
20080809,RURC2L_F,FRYING PAN - RUEDI RES. NR BASALT,0.0,0.0,90.3,0.0,0.0,0.0,2017-03-17T16:18:41.337000
20080810,RURC2L_F,FRYING PAN - RUEDI RES. NR BASALT,0.0,0.0,90.3,0.0,0.0,0.0,2017-03-17T16:19:05.645000
20080811,RURC2L_F,FRYING PAN - RUEDI RES. NR BASALT,0.0,0.0,90.3,0.0,0.0,0.0,2017-03-17T16:19:30.205000
20080812,RURC2L_F,FRYING PAN - RUEDI RES. NR BASALT,0.0,0.0,90.3,0.0,0.0,0.0,2017-03-17T16:19:54.507000
20080813,RURC2L_F,FRYING PAN - RUEDI RES. NR BASALT,0.0,0.0,90.3,0.0,0.0,0.0,2017-03-17T16:20:19.230000
20080814,RURC2L_F,FRYING PAN - RUEDI RES. NR BASALT,0.0,0.0,90.3,0.0,0.0,0.0,2017-03-17T16:20:44.146000
20080815,RURC2L_F,FRYING PAN - RUEDI RES. NR BASALT,0.0,0.0,90.3,0.0,0.0,0.0,2017-03-17T16:21:08.524000
20080816,RURC2L_F,FRYING PAN - RUEDI RES. NR BASALT,0.0,0.0,90.3,0.0,0.0,0.0,2017-03-17T16:21:33.294000
20080817,RURC2L_F,FRYING PAN - RUEDI RES. NR BASALT,0.0,0.0,90.3,0.0,0.0,0.0,2017-03-17T16:21:57.501000
20080818,RURC2L_F,FRYING PAN - RUEDI RES. NR BASALT,0.0,0.0,90.3,0.0,0.0,0.0,2017-03-17T16:22:21.873000
20080819,RURC2L_F,FRYING PAN - RUEDI RES. NR BASALT,0.0,0.0,90.3,0.0,0.0,0.0,2017-03-17T16:22:46.841000
20080820,RURC2L_F,FRYING PAN - RUEDI RES. NR BASALT,0.0,0.0,90.3,0.0,0.0,0.0,2017-03-17T16:23:11.081000
20080821,RURC2L_F,FRYING PAN - RUEDI RES. NR BASALT,0.0,0.0,90.3,0.0,0.0,0.0,2017-03-17T16:23:35.573000
20080822,RURC2L_F,FRYING PAN - RUEDI RES. NR BASALT,0.0,0.0,90.3,0.0,0.0,0.0,2017-03-17T16:23:59.700000
20080823,RURC2L_F,FRYING PAN - RUEDI RES. NR BASALT,0.0,0.0,90.3,0.0,0.0,0.0,2017-03-17T16:24:24
20080824,RURC2L_F,FRYING PAN - RUEDI RES. NR BASALT,0.0,0.0,90.3,0.0,0.0,0.0,2017-03-17T16:24:47.846000
20080825,RURC2L_F,FRYING PAN - RUEDI RES. NR BASALT,0.0,0.0,90.3,0.0,0.0,0.0,2017-03-17T16:25:11.346000
20080826,RURC2L_F,FRYING PAN - RUEDI RES. NR BASALT,0.0,0.0,90.3,0.0,0.0,0.0,2017-03-17T16:25:35.223000
20080827,RURC2L_F,FRYING PAN - RUEDI RES. NR BASALT,0.0,0.0,90.3,0.0,0.0,0.0,2017-03-17T16:25:59.024000
20080828,RURC2L_F,FRYING PAN - RUEDI RES. NR BASALT,0.0,0.0,90.3,0.0,0.0,0.0,2017-03-17T16:26:24.536000
20080829,RURC2L_F,FRYING PAN - RUEDI RES. NR BASALT,0.0,0.0,90.3,0.0,0.0,0.0,2017-03-17T16:26:49.846000
20080830,RURC2L_F,FRYING PAN - RUEDI RES. NR BASALT,0.0,0.0,90.3,0.0,0.0,0.0,2017-03-17T16:27:14.490000
20080831,RURC2L_F,FRYING PAN - RUEDI RES. NR BASALT,0.0,0.0,90.3,0.0,0.0,0.0,2017-03-17T16:27:38.227000
20080901,RURC2L_F,FRYING PAN - RUEDI RES. NR BASALT,0.0,0.0,90.3,0.0,0.0,0.0,2017-03-17T16:28:01.885000
20080902,RURC2L_F,FRYING PAN - RUEDI RES. NR BASALT,0.0,0.0,90.3,0.0,0.0,0.0,2017-03-17T16:28:26.372000
20080903,RURC2L_F,FRYING PAN - RUEDI RES. NR BASALT,0.0,0.0,90.3,0.0,0.0,0.0,2017-03-17T16:28:50.484000
20080904,RURC2L_F,FRYING PAN - RUEDI RES. NR BASALT,0.0,0.0,90.3,0.0,0.0,0.0,2017-03-17T16:29:14.362000
20080905,RURC2L_F,FRYING PAN - RUEDI RES. NR BASALT,0.0,0.0,90.3,0.0,0.0,0.0,2017-03-17T16:29:39.161000
20080906,RURC2L_F,FRYING PAN - RUEDI RES. NR BASALT,0.0,0.0,90.3,0.0,0.0,0.0,2017-03-17T16:30:02.305000
20080907,RURC2L_F,FRYING PAN - RUEDI RES. NR BASALT,0.0,0.0,90.3,0.0,0.0,0.0,2017-03-17T16:30:25.682000
20080908,RURC2L_F,FRYING PAN - RUEDI RES. NR BASALT,0.0,0.0,90.3,0.0,0.0,0.0,2017-03-17T16:30:49.122000
20080909,RURC2L_F,FRYING PAN - RUEDI RES. NR BASALT,0.0,0.0,90.3,0.0,0.0,0.0,2017-03-17T16:31:12.593000
20080910,RURC2L_F,FRYING PAN - RUEDI RES. NR BASALT,0.0,0.0,90.3,0.0,0.0,0.0,2017-03-17T16:31:36.674000
20080911,RURC2L_F,FRYING PAN - RUEDI RES. NR BASALT,0.0,0.0,90.3,0.0,0.0,0.0,2017-03-17T16:32:00.708000
20080912,RURC2L_F,FRYING PAN - RUEDI RES. NR BASALT,0.0,0.0,90.3,0.0,0.0,0.0,2017-03-17T16:32:24.820000
20080913,RURC2L_F,FRYING PAN - RUEDI RES. NR BASALT,0.0,0.0,90.3,0.0,0.0,0.0,2017-03-17T16:32:48.666000
20080914,RURC2L_F,FRYING PAN - RUEDI RES. NR BASALT,0.0,0.0,90.3,0.0,0.0,0.0,2017-03-17T16:33:13.747000
20080915,RURC2L_F,FRYING PAN - RUEDI RES. NR BASALT,0.0,0.0,90.3,0.0,0.0,0.0,2017-03-17T16:33:37.297000
20080916,RURC2L_F,FRYING PAN - RUEDI RES. NR BASALT,0.0,0.0,90.3,0.0,0.0,0.0,2017-03-17T16:33:59.986000
20080917,RURC2L_F,FRYING PAN - RUEDI RES. NR BASALT,0.0,0.0,90.3,0.0,0.0,0.0,2017-03-17T16:34:23.005000
20080918,RURC2L_F,FRYING PAN - RUEDI RES. NR BASALT,0.0,0.0,90.3,0.0,0.0,0.0,2017-03-17T16:34:45.679000
20080919,RURC2L_F,FRYING PAN - RUEDI RES. NR BASALT,0.0,0.0,90.3,0.0,0.0,0.0,2017-03-17T16:35:08.134000
20080920,RURC2L_F,FRYING PAN - RUEDI RES. NR BASALT,0.0,0.0,90.3,0.0,0.0,0.0,2017-03-17T16:35:30.793000
20080921,RURC2L_F,FRYING PAN - RUEDI RES. NR BASALT,0.0,0.0,90.3,0.0,0.0,0.0,2017-03-17T16:35:53.874000
20080922,RURC2L_F,FRYING PAN - RUEDI RES. NR BASALT,0.0,0.0,90.3,0.0,0.0,0.0,2017-03-17T16:36:17.392000
20080923,RURC2L_F,FRYING PAN - RUEDI RES. NR BASALT,0.0,0.0,90.3,0.0,0.0,0.0,2017-03-17T16:36:40.848000
20080924,RURC2L_F,FRYING PAN - RUEDI RES. NR BASALT,0.0,0.0,90.3,0.0,0.0,0.0,2017-03-17T16:37:04.241000
20080925,RURC2L_F,FRYING PAN - RUEDI RES. NR BASALT,0.0,0.0,90.3,0.0,0.0,0.0,2017-03-17T16:37:27.009000
20080926,RURC2L_F,FRYING PAN - RUEDI RES. NR BASALT,0.0,0.0,90.3,0.0,0.0,0.0,2017-03-17T16:37:50.387000
20080927,RURC2L_F,FRYING PAN - RUEDI RES. NR BASALT,0.0,0.0,90.3,0.0,0.0,0.0,2017-03-17T16:38:13.405000
20080928,RURC2L_F,FRYING PAN - RUEDI RES. NR BASALT,0.0,0.0,90.3,0.0,0.0,0.0,2017-03-17T16:38:37.282000
20080929,RURC2L_F,FRYING PAN - RUEDI RES. NR BASALT,0.0,0.0,90.3,0.0,0.0,0.0,2017-03-17T16:39:00.316000
20080930,RURC2L_F,FRYING PAN - RUEDI RES. NR BASALT,0.0,0.0,90.3,0.0,0.0,0.0,2017-03-17T16:39:23.365000
20081001,RURC2L_F,FRYING PAN - RUEDI RES. NR BASALT,0.0,0.0,90.3,0.0,0.0,0.0,2017-03-17T16:39:46.180000
20081002,RURC2L_F,FRYING PAN - RUEDI RES. NR BASALT,0.0,0.0,90.3,0.0,0.0,0.0,2017-03-17T16:40:08.761000
20081003,RURC2L_F,FRYING PAN - RUEDI RES. NR BASALT,0.0,0.0,90.3,0.0,0.0,0.0,2017-03-17T16:40:31.701000
20081004,RURC2L_F,FRYING PAN - RUEDI RES. NR BASALT,0.0,0.0,90.3,0.0,0.0,0.0,2017-03-17T16:40:54.359000
20081005,RURC2L_F,FRYING PAN - RUEDI RES. NR BASALT,0.0,0.0,90.3,0.0,0.0,0.0,2017-03-17T16:41:17.846000
20081006,RURC2L_F,FRYING PAN - RUEDI RES. NR BASALT,0.1,2.0,90.3,436.0,436.0,100.0,2017-03-17T16:41:41.802000
20081007,RURC2L_F,FRYING PAN - RUEDI RES. NR BASALT,0.1,3.0,90.3,498.0,498.0,96.88,2017-03-17T16:42:05.930000
20081008,RURC2L_F,FRYING PAN - RUEDI RES. NR BASALT,0.0,0.0,90.3,31.0,31.0,12.11,2017-03-17T16:42:29.682000
20081009,RURC2L_F,FRYING PAN - RUEDI RES. NR BASALT,0.0,0.0,90.3,0.0,0.0,0.0,2017-03-17T16:42:53.357000
20081010,RURC2L_F,FRYING PAN - RUEDI RES. NR BASALT,0.0,0.0,90.3,0.0,0.0,0.0,2017-03-17T16:43:17.109000
20081011,RURC2L_F,FRYING PAN - RUEDI RES. NR BASALT,0.0,0.0,90.3,0.0,0.0,0.0,2017-03-17T16:43:42.706000
20081012,RURC2L_F,FRYING PAN - RUEDI RES. NR BASALT,0.1,2.0,90.3,296.0,296.0,82.02,2017-03-17T16:44:16.927000
20081013,RURC2L_F,FRYING PAN - RUEDI RES. NR BASALT,0.1,4.0,90.3,713.0,277.0,87.52,2017-03-17T16:44:50.555000
20081014,RURC2L_F,FRYING PAN - RUEDI RES. NR BASALT,0.1,3.0,90.3,645.0,147.0,86.7,2017-03-17T16:45:21.871000
20081015,RURC2L_F,FRYING PAN - RUEDI RES. NR BASALT,0.1,1.0,90.3,250.0,219.0,66.79,2017-03-17T16:45:53.734000
20081016,RURC2L_F,FRYING PAN - RUEDI RES. NR BASALT,0.0,0.0,90.3,44.0,44.0,17.61,2017-03-17T16:46:24.253000
20081017,RURC2L_F,FRYING PAN - RUEDI RES. NR BASALT,0.0,0.0,90.3,0.0,0.0,0.0,2017-03-17T16:46:54.912000
20081018,RURC2L_F,FRYING PAN - RUEDI RES. NR BASALT,0.0,0.0,90.3,0.0,0.0,0.0,2017-03-17T16:47:23.884000
20081019,RURC2L_F,FRYING PAN - RUEDI RES. NR BASALT,0.0,0.0,90.3,0.0,-296.0,0.0,2017-03-17T16:47:52.465000
20081020,RURC2L_F,FRYING PAN - RUEDI RES. NR BASALT,0.0,0.0,90.3,0.0,-713.0,0.0,2017-03-17T16:48:19.500000
20081021,RURC2L_F,FRYING PAN - RUEDI RES. NR BASALT,0.0,0.0,90.3,0.0,-645.0,0.0,2017-03-17T16:48:43.252000
20081022,RURC2L_F,FRYING PAN - RUEDI RES. NR BASALT,0.0,1.0,90.3,222.0,-28.0,94.31,2017-03-17T16:49:08.271000
20081023,RURC2L_F,FRYING PAN - RUEDI RES. NR BASALT,0.1,2.0,90.3,350.0,306.0,96.33,2017-03-17T16:49:33.382000
20081024,RURC2L_F,FRYING PAN - RUEDI RES. NR BASALT,0.0,1.0,90.3,170.0,170.0,65.05,2017-03-17T16:49:57.916000
20081025,RURC2L_F,FRYING PAN - RUEDI RES. NR BASALT,0.0,0.0,90.3,10.0,10.0,4.13,2017-03-17T16:50:22.935000
20081026,RURC2L_F,FRYING PAN - RUEDI RES. NR BASALT,0.0,0.0,90.3,0.0,0.0,0.0,2017-03-17T16:50:46.640000
20081027,RURC2L_F,FRYING PAN - RUEDI RES. NR BASALT,0.0,0.0,90.3,0.0,0.0,0.0,2017-03-17T16:51:09.737000
20081028,RURC2L_F,FRYING PAN - RUEDI RES. NR BASALT,0.0,0.0,90.3,0.0,0.0,0.0,2017-03-17T16:51:32.786000
20081029,RURC2L_F,FRYING PAN - RUEDI RES. NR BASALT,0.0,0.0,90.3,0.0,-222.0,0.0,2017-03-17T16:51:56.789000
20081030,RURC2L_F,FRYING PAN - RUEDI RES. NR BASALT,0.0,0.0,90.3,0.0,-350.0,0.0,2017-03-17T16:52:20.697000
20081031,RURC2L_F,FRYING PAN - RUEDI RES. NR BASALT,0.0,0.0,90.3,0.0,-170.0,0.0,2017-03-17T16:52:43.919000
20081101,RURC2L_F,FRYING PAN - RUEDI RES. NR BASALT,0.0,0.0,90.3,0.0,-10.0,0.0,2017-03-17T16:53:07.249000
20081102,RURC2L_F,FRYING PAN - RUEDI RES. NR BASALT,0.0,0.0,90.3,0.0,0.0,0.0,2017-03-17T16:53:30.736000
20081103,RURC2L_F,FRYING PAN - RUEDI RES. NR BASALT,0.0,0.0,90.3,0.0,0.0,0.0,2017-03-17T16:53:54.958000
20081104,RURC2L_F,FRYING PAN - RUEDI RES. NR BASALT,0.0,0.0,90.3,0.0,0.0,0.0,2017-03-17T16:54:19.819000
20081105,RURC2L_F,FRYING PAN - RUEDI RES. NR BASALT,0.0,1.0,90.3,194.0,194.0,93.76,2017-03-17T16:54:47.338000
20081106,RURC2L_F,FRYING PAN - RUEDI RES. NR BASALT,0.6,14.0,90.3,2722.0,2722.0,100.0,2017-03-17T16:55:15.497000
20081107,RURC2L_F,FRYING PAN - RUEDI RES. NR BASALT,0.6,14.0,90.3,2686.0,2686.0,100.0,2017-03-17T16:55:43.719000
20081108,RURC2L_F,FRYING PAN - RUEDI RES. NR BASALT,0.6,14.0,90.3,2653.0,2653.0,100.0,2017-03-17T16:56:11.566000
20081109,RURC2L_F,FRYING PAN - RUEDI RES. NR BASALT,0.6,14.0,90.3,2663.0,2663.0,100.0,2017-03-17T16:56:38.835000
20081110,RURC2L_F,FRYING PAN - RUEDI RES. NR BASALT,0.5,13.0,90.3,2511.0,2511.0,100.0,2017-03-17T16:57:06.025000
20081111,RURC2L_F,FRYING PAN - RUEDI RES. NR BASALT,0.7,17.0,90.3,3236.0,3236.0,100.0,2017-03-17T16:57:34.950000
20081112,RURC2L_F,FRYING PAN - RUEDI RES. NR BASALT,0.9,23.0,90.3,4407.0,4213.0,100.0,2017-03-17T16:58:04.625000
20081113,RURC2L_F,FRYING PAN - RUEDI RES. NR BASALT,1.0,25.0,90.3,4770.0,2048.0,100.0,2017-03-17T16:58:34.066000
20081114,RURC2L_F,FRYING PAN - RUEDI RES. NR BASALT,1.0,25.0,90.3,4732.0,2046.0,100.0,2017-03-17T16:59:02.616000
20081115,RURC2L_F,FRYING PAN - RUEDI RES. NR BASALT,1.0,25.0,90.3,4724.0,2071.0,100.0,2017-03-17T16:59:29.275000
20081116,RURC2L_F,FRYING PAN - RUEDI RES. NR BASALT,1.0,24.0,90.3,4616.0,1953.0,100.0,2017-03-17T16:59:56.512000
20081117,RURC2L_F,FRYING PAN - RUEDI RES. NR BASALT,0.9,22.0,90.3,4212.0,1701.0,100.0,2017-03-17T17:00:22.671000
20081118,RURC2L_F,FRYING PAN - RUEDI RES. NR BASALT,0.7,18.0,90.3,3414.0,178.0,100.0,2017-03-17T17:00:48.564000
20081119,RURC2L_F,FRYING PAN - RUEDI RES. NR BASALT,0.4,10.0,90.3,1807.0,-2600.0,88.72,2017-03-17T17:01:14.458000
20081120,RURC2L_F,FRYING PAN - RUEDI RES. NR BASALT,0.3,7.0,90.3,1341.0,-3429.0,78.62,2017-03-17T17:01:40.086000
20081121,RURC2L_F,FRYING PAN - RUEDI RES. NR BASALT,0.3,7.0,90.3,1305.0,-3427.0,77.43,2017-03-17T17:02:07.073000
20081122,RURC2L_F,FRYING PAN - RUEDI RES. NR BASALT,0.2,5.0,90.3,1020.0,-3704.0,70.46,2017-03-17T17:02:36.045000
20081123,RURC2L_F,FRYING PAN - RUEDI RES. NR BASALT,0.1,4.0,90.3,696.0,-3920.0,58.07,2017-03-17T17:03:03.579000
20081124,RURC2L_F,FRYING PAN - RUEDI RES. NR BASALT,0.1,3.0,90.3,621.0,-3591.0,52.02,2017-03-17T17:03:30.957000
20081125,RURC2L_F,FRYING PAN - RUEDI RES. NR BASALT,0.1,3.0,90.3,548.0,-2866.0,46.24,2017-03-17T17:03:59.648000
20081126,RURC2L_F,FRYING PAN - RUEDI RES. NR BASALT,0.1,3.0,90.3,500.0,-1307.0,43.03,2017-03-17T17:04:27.635000
20081127,RURC2L_F,FRYING PAN - RUEDI RES. NR BASALT,0.1,3.0,90.3,496.0,-845.0,42.11,2017-03-17T17:04:55.669000
20081128,RURC2L_F,FRYING PAN - RUEDI RES. NR BASALT,0.1,3.0,90.3,575.0,-730.0,61.38,2017-03-17T17:05:23.626000
20081129,RURC2L_F,FRYING PAN - RUEDI RES. NR BASALT,0.4,10.0,90.3,1868.0,848.0,100.0,2017-03-17T17:05:51.910000
20081130,RURC2L_F,FRYING PAN - RUEDI RES. NR BASALT,0.5,13.0,90.3,2469.0,1773.0,100.0,2017-03-17T17:06:21.163000
20081201,RURC2L_F,FRYING PAN - RUEDI RES. NR BASALT,0.9,22.0,90.3,4203.0,3582.0,100.0,2017-03-17T17:06:52.088000
20081202,RURC2L_F,FRYING PAN - RUEDI RES. NR BASALT,1.0,24.0,90.3,4575.0,4027.0,100.0,2017-03-17T17:07:23.029000
20081203,RURC2L_F,FRYING PAN - RUEDI RES. NR BASALT,1.0,26.0,90.3,4967.0,4467.0,100.0,2017-03-17T17:07:54.579000
20081204,RURC2L_F,FRYING PAN - RUEDI RES. NR BASALT,1.1,28.0,90.3,5330.0,4834.0,100.0,2017-03-17T17:08:25.067000
20081205,RURC2L_F,FRYING PAN - RUEDI RES. NR BASALT,1.4,36.0,90.3,6744.0,6169.0,100.0,2017-03-17T17:08:54.570000
20081206,RURC2L_F,FRYING PAN - RUEDI RES. NR BASALT,1.4,35.0,90.3,6686.0,4818.0,100.0,2017-03-17T17:09:24.355000
20081207,RURC2L_F,FRYING PAN - RUEDI RES. NR BASALT,1.4,35.0,90.3,6621.0,4152.0,100.0,2017-03-17T17:09:54.889000
20081208,RURC2L_F,FRYING PAN - RUEDI RES. NR BASALT,1.3,34.0,90.3,6397.0,2194.0,100.0,2017-03-17T17:10:28.971000
20081209,RURC2L_F,FRYING PAN - RUEDI RES. NR BASALT,1.5,39.0,90.3,7381.0,2806.0,100.0,2017-03-17T17:11:01.084000
20081210,RURC2L_F,FRYING PAN - RUEDI RES. NR BASALT,1.5,39.0,90.3,7443.0,2476.0,100.0,2017-03-17T17:11:34.259000
20081211,RURC2L_F,FRYING PAN - RUEDI RES. NR BASALT,1.7,44.0,90.3,8346.0,3016.0,100.0,2017-03-17T17:12:08.075000
20081212,RURC2L_F,FRYING PAN - RUEDI RES. NR BASALT,1.7,44.0,90.3,8271.0,1527.0,100.0,2017-03-17T17:12:42.142000
20081213,RURC2L_F,FRYING PAN - RUEDI RES. NR BASALT,1.8,47.0,90.3,8901.0,2215.0,100.0,2017-03-17T17:13:15.770000
20081214,RURC2L_F,FRYING PAN - RUEDI RES. NR BASALT,2.0,51.0,90.3,9733.0,3112.0,100.0,2017-03-17T17:13:49.743000
20081215,RURC2L_F,FRYING PAN - RUEDI RES. NR BASALT,2.3,59.0,90.3,11177.0,4780.0,100.0,2017-03-17T17:14:24.512000
20081216,RURC2L_F,FRYING PAN - RUEDI RES. NR BASALT,2.4,60.0,90.3,11451.0,4070.0,100.0,2017-03-17T17:15:00.078000
20081217,RURC2L_F,FRYING PAN - RUEDI RES. NR BASALT,2.8,70.0,90.3,13319.0,5876.0,100.0,2017-03-17T17:15:35.629000
20081218,RURC2L_F,FRYING PAN - RUEDI RES. NR BASALT,2.8,72.0,90.3,13594.0,5248.0,100.0,2017-03-17T17:16:12.102000
20081219,RURC2L_F,FRYING PAN - RUEDI RES. NR BASALT,3.1,79.0,90.3,15015.0,6744.0,100.0,2017-03-17T17:16:48.918000
20081220,RURC2L_F,FRYING PAN - RUEDI RES. NR BASALT,3.2,82.0,90.3,15536.0,6635.0,100.0,2017-03-17T17:17:25.828000
20081221,RURC2L_F,FRYING PAN - RUEDI RES. NR BASALT,3.3,85.0,90.3,16055.0,6322.0,100.0,2017-03-17T17:18:01.051000
20081222,RURC2L_F,FRYING PAN - RUEDI RES. NR BASALT,3.3,84.0,90.3,16005.0,4828.0,100.0,2017-03-17T17:18:36.930000
20081223,RURC2L_F,FRYING PAN - RUEDI RES. NR BASALT,3.8,95.0,90.3,18064.0,6613.0,100.0,2017-03-17T17:19:13.528000
20081224,RURC2L_F,FRYING PAN - RUEDI RES. NR BASALT,5.0,127.0,90.3,24019.0,10700.0,100.0,2017-03-17T17:19:50.829000
20081225,RURC2L_F,FRYING PAN - RUEDI RES. NR BASALT,5.0,126.0,90.3,23976.0,10382.0,100.0,2017-03-17T17:20:29.364000
20081226,RURC2L_F,FRYING PAN - RUEDI RES. NR BASALT,5.2,133.0,90.3,25232.0,10217.0,100.0,2017-03-17T17:21:08.290000
20081227,RURC2L_F,FRYING PAN - RUEDI RES. NR BASALT,5.8,148.0,90.3,28008.0,12472.0,100.0,2017-03-17T17:21:45.872000
20081228,RURC2L_F,FRYING PAN - RUEDI RES. NR BASALT,5.8,148.0,90.3,28105.0,12050.0,100.0,2017-03-17T17:22:24.064000
20081229,RURC2L_F,FRYING PAN - RUEDI RES. NR BASALT,5.8,148.0,90.3,28052.0,12047.0,100.0,2017-03-17T17:23:01.959000
20081230,RURC2L_F,FRYING PAN - RUEDI RES. NR BASALT,5.8,147.0,90.3,27910.0,9846.0,100.0,2017-03-17T17:23:38.072000
20081231,RURC2L_F,FRYING PAN - RUEDI RES. NR BASALT,5.7,145.0,90.3,27535.0,3516.0,100.0,2017-03-17T17:24:12.951000
20090101,RURC2L_F,FRYING PAN - RUEDI RES. NR BASALT,5.7,144.0,90.3,27361.0,3385.0,100.0,2017-03-17T17:24:48.517000
20090102,RURC2L_F,FRYING PAN - RUEDI RES. NR BASALT,5.7,144.0,90.3,27256.0,2024.0,100.0,2017-03-17T17:25:23.927000
20090103,RURC2L_F,FRYING PAN - RUEDI RES. NR BASALT,5.6,143.0,90.3,27107.0,-901.0,100.0,2017-03-17T17:26:00.087000
20090104,RURC2L_F,FRYING PAN - RUEDI RES. NR BASALT,5.9,150.0,90.3,28351.0,246.0,100.0,2017-03-17T17:26:36.060000
20090105,RURC2L_F,FRYING PAN - RUEDI RES. NR BASALT,5.9,150.0,90.3,28380.0,328.0,100.0,2017-03-17T17:27:10.688000
20090106,RURC2L_F,FRYING PAN - RUEDI RES. NR BASALT,5.9,150.0,90.3,28475.0,565.0,100.0,2017-03-17T17:27:47.145000
20090107,RURC2L_F,FRYING PAN - RUEDI RES. NR BASALT,6.0,152.0,90.3,28813.0,1278.0,100.0,2017-03-17T17:28:24.618000
20090108,RURC2L_F,FRYING PAN - RUEDI RES. NR BASALT,6.5,164.0,90.3,31100.0,3739.0,100.0,2017-03-17T17:29:02.466000
20090109,RURC2L_F,FRYING PAN - RUEDI RES. NR BASALT,6.4,164.0,90.3,31009.0,3753.0,100.0,2017-03-17T17:29:38.455000
20090110,RURC2L_F,FRYING PAN - RUEDI RES. NR BASALT,6.7,169.0,90.3,32115.0,5008.0,100.0,2017-03-17T17:30:14.474000
20090111,RURC2L_F,FRYING PAN - RUEDI RES. NR BASALT,6.7,169.0,90.3,32075.0,3724.0,100.0,2017-03-17T17:30:50.400000
20090112,RURC2L_F,FRYING PAN - RUEDI RES. NR BASALT,6.7,169.0,90.3,32108.0,3728.0,100.0,2017-03-17T17:31:25.372000
20090113,RURC2L_F,FRYING PAN - RUEDI RES. NR BASALT,6.7,171.0,90.3,32443.0,3968.0,100.0,2017-03-17T17:32:00.345000
20090114,RURC2L_F,FRYING PAN - RUEDI RES. NR BASALT,7.1,181.0,90.3,34322.0,5509.0,100.0,2017-03-17T17:32:36.692000
20090115,RURC2L_F,FRYING PAN - RUEDI RES. NR BASALT,7.1,181.0,90.3,34246.0,3146.0,100.0,2017-03-17T17:33:11.696000
20090116,RURC2L_F,FRYING PAN - RUEDI RES. NR BASALT,7.1,180.0,90.3,34194.0,3185.0,100.0,2017-03-17T17:33:46.184000
20090117,RURC2L_F,FRYING PAN - RUEDI RES. NR BASALT,7.1,180.0,90.3,34121.0,2006.0,100.0,2017-03-17T17:34:21.532000
20090118,RURC2L_F,FRYING PAN - RUEDI RES. NR BASALT,7.1,180.0,90.3,34039.0,1964.0,100.0,2017-03-17T17:34:56.301000
20090119,RURC2L_F,FRYING PAN - RUEDI RES. NR BASALT,7.0,179.0,90.3,33929.0,1821.0,100.0,2017-03-17T17:35:31.586000
20090120,RURC2L_F,FRYING PAN - RUEDI RES. NR BASALT,7.0,178.0,90.3,33812.0,1369.0,100.0,2017-03-17T17:36:05.340000
20090121,RURC2L_F,FRYING PAN - RUEDI RES. NR BASALT,7.1,180.0,90.3,34027.0,-295.0,100.0,2017-03-17T17:36:39.953000
20090122,RURC2L_F,FRYING PAN - RUEDI RES. NR BASALT,7.0,179.0,90.3,33843.0,-403.0,100.0,2017-03-17T17:37:14.644000
20090123,RURC2L_F,FRYING PAN - RUEDI RES. NR BASALT,7.0,178.0,90.3,33661.0,-533.0,100.0,2017-03-17T17:37:50.132000
20090124,RURC2L_F,FRYING PAN - RUEDI RES. NR BASALT,7.3,184.0,90.3,34944.0,823.0,100.0,2017-03-17T17:38:25.730000
20090125,RURC2L_F,FRYING PAN - RUEDI RES. NR BASALT,7.5,191.0,90.3,36127.0,2088.0,100.0,2017-03-17T17:39:00.796000
20090126,RURC2L_F,FRYING PAN - RUEDI RES. NR BASALT,7.7,195.0,90.3,36984.0,3055.0,100.0,2017-03-17T17:39:36.613000
20090127,RURC2L_F,FRYING PAN - RUEDI RES. NR BASALT,8.6,217.0,90.3,41184.0,7372.0,100.0,2017-03-17T17:40:13.461000
20090128,RURC2L_F,FRYING PAN - RUEDI RES. NR BASALT,8.8,224.0,90.3,42497.0,8470.0,100.0,2017-03-17T17:40:56.106000
20090129,RURC2L_F,FRYING PAN - RUEDI RES. NR BASALT,8.9,226.0,90.3,42765.0,8922.0,100.0,2017-03-17T17:41:39.329000
20090130,RURC2L_F,FRYING PAN - RUEDI RES. NR BASALT,8.9,226.0,90.3,42748.0,9087.0,100.0,2017-03-17T17:42:19.162000
20090131,RURC2L_F,FRYING PAN - RUEDI RES. NR BASALT,8.9,225.0,90.3,42692.0,7748.0,100.0,2017-03-17T17:42:57.166000
20090201,RURC2L_F,FRYING PAN - RUEDI RES. NR BASALT,8.8,225.0,90.3,42595.0,6468.0,100.0,2017-03-17T17:43:34.029000
20090202,RURC2L_F,FRYING PAN - RUEDI RES. NR BASALT,8.8,224.0,90.3,42532.0,5548.0,100.0,2017-03-17T17:44:13.612000
20090203,RURC2L_F,FRYING PAN - RUEDI RES. NR BASALT,8.7,222.0,90.3,42075.0,891.0,100.0,2017-03-17T17:44:48.928000
20090204,RURC2L_F,FRYING PAN - RUEDI RES. NR BASALT,8.7,222.0,90.3,42033.0,-464.0,100.0,2017-03-17T17:45:23.697000
20090205,RURC2L_F,FRYING PAN - RUEDI RES. NR BASALT,8.7,221.0,90.3,41935.0,-830.0,100.0,2017-03-17T17:45:58.795000
20090206,RURC2L_F,FRYING PAN - RUEDI RES. NR BASALT,8.7,220.0,90.3,41670.0,-1078.0,100.0,2017-03-17T17:46:33.720000
20090207,RURC2L_F,FRYING PAN - RUEDI RES. NR BASALT,8.6,219.0,90.3,41497.0,-1195.0,100.0,2017-03-17T17:47:09.584000
20090208,RURC2L_F,FRYING PAN - RUEDI RES. NR BASALT,8.6,218.0,90.3,41257.0,-1338.0,100.0,2017-03-17T17:47:44.572000
20090209,RURC2L_F,FRYING PAN - RUEDI RES. NR BASALT,8.9,226.0,90.3,42818.0,286.0,100.0,2017-03-17T17:48:19.247000
20090210,RURC2L_F,FRYING PAN - RUEDI RES. NR BASALT,9.2,233.0,90.3,44103.0,2028.0,100.0,2017-03-17T17:48:55.314000
20090211,RURC2L_F,FRYING PAN - RUEDI RES. NR BASALT,9.4,238.0,90.3,45147.0,3114.0,100.0,2017-03-17T17:49:31.224000
20090212,RURC2L_F,FRYING PAN - RUEDI RES. NR BASALT,9.5,241.0,90.3,45750.0,3815.0,100.0,2017-03-17T17:50:06.572000
20090213,RURC2L_F,FRYING PAN - RUEDI RES. NR BASALT,9.6,243.0,90.3,46146.0,4476.0,100.0,2017-03-17T17:50:41.466000
20090214,RURC2L_F,FRYING PAN - RUEDI RES. NR BASALT,9.9,251.0,90.3,47571.0,6074.0,100.0,2017-03-17T17:51:16.532000
20090215,RURC2L_F,FRYING PAN - RUEDI RES. NR BASALT,10.0,255.0,90.3,48374.0,7117.0,100.0,2017-03-17T17:51:52.317000
20090216,RURC2L_F,FRYING PAN - RUEDI RES. NR BASALT,10.0,255.0,90.3,48340.0,5522.0,100.0,2017-03-17T17:52:28.712000
20090217,RURC2L_F,FRYING PAN - RUEDI RES. NR BASALT,10.0,254.0,90.3,48169.0,4066.0,100.0,2017-03-17T17:53:05.247000
20090218,RURC2L_F,FRYING PAN - RUEDI RES. NR BASALT,10.1,257.0,90.3,48686.0,3539.0,100.0,2017-03-17T17:53:40.938000
20090219,RURC2L_F,FRYING PAN - RUEDI RES. NR BASALT,10.0,254.0,90.3,48061.0,2311.0,100.0,2017-03-17T17:54:16.052000
20090220,RURC2L_F,FRYING PAN - RUEDI RES. NR BASALT,10.0,254.0,90.3,48066.0,1920.0,100.0,2017-03-17T17:54:50.962000
20090221,RURC2L_F,FRYING PAN - RUEDI RES. NR BASALT,10.0,253.0,90.3,47934.0,363.0,100.0,2017-03-17T17:55:25.293000
20090222,RURC2L_F,FRYING PAN - RUEDI RES. NR BASALT,9.9,252.0,90.3,47840.0,-534.0,100.0,2017-03-17T17:56:01.047000
20090223,RURC2L_F,FRYING PAN - RUEDI RES. NR BASALT,9.9,251.0,90.3,47540.0,-800.0,100.0,2017-03-17T17:56:36.145000
20090224,RURC2L_F,FRYING PAN - RUEDI RES. NR BASALT,10.6,270.0,90.3,51269.0,3100.0,100.0,2017-03-17T17:57:11.008000
20090225,RURC2L_F,FRYING PAN - RUEDI RES. NR BASALT,10.8,275.0,90.3,52136.0,3450.0,100.0,2017-03-17T17:57:45.465000
20090226,RURC2L_F,FRYING PAN - RUEDI RES. NR BASALT,10.7,272.0,90.3,51602.0,3541.0,100.0,2017-03-17T17:58:19.875000
20090227,RURC2L_F,FRYING PAN - RUEDI RES. NR BASALT,10.7,271.0,90.3,51370.0,3304.0,100.0,2017-03-17T17:58:53.582000
20090228,RURC2L_F,FRYING PAN - RUEDI RES. NR BASALT,10.7,272.0,90.3,51598.0,3664.0,100.0,2017-03-17T17:59:26.648000
20090301,RURC2L_F,FRYING PAN - RUEDI RES. NR BASALT,10.7,272.0,90.3,51496.0,3656.0,100.0,2017-03-17T18:00:01.667000
20090302,RURC2L_F,FRYING PAN - RUEDI RES. NR BASALT,10.6,270.0,90.3,51129.0,3589.0,100.0,2017-03-17T18:00:37.312000
20090303,RURC2L_F,FRYING PAN - RUEDI RES. NR BASALT,10.5,266.0,90.3,50362.0,-907.0,100.0,2017-03-17T18:01:12.659000
20090304,RURC2L_F,FRYING PAN - RUEDI RES. NR BASALT,10.6,269.0,90.3,50993.0,-1143.0,100.0,2017-03-17T18:01:48.116000
20090305,RURC2L_F,FRYING PAN - RUEDI RES. NR BASALT,10.3,261.0,90.3,49493.0,-2109.0,100.0,2017-03-17T18:02:23.183000
20090306,RURC2L_F,FRYING PAN - RUEDI RES. NR BASALT,10.1,256.0,90.3,48570.0,-2800.0,100.0,2017-03-17T18:02:56.671000
20090307,RURC2L_F,FRYING PAN - RUEDI RES. NR BASALT,10.3,261.0,90.3,49440.0,-2158.0,100.0,2017-03-17T18:03:29.205000
20090308,RURC2L_F,FRYING PAN - RUEDI RES. NR BASALT,10.4,263.0,90.3,49849.0,-1647.0,100.0,2017-03-17T18:04:01.756000
20090309,RURC2L_F,FRYING PAN - RUEDI RES. NR BASALT,10.3,262.0,90.3,49725.0,-1404.0,100.0,2017-03-17T18:04:35.087000
20090310,RURC2L_F,FRYING PAN - RUEDI RES. NR BASALT,10.3,261.0,90.3,49551.0,-811.0,100.0,2017-03-17T18:05:08.497000
20090311,RURC2L_F,FRYING PAN - RUEDI RES. NR BASALT,10.9,276.0,90.3,52332.0,1339.0,100.0,2017-03-17T18:05:42.235000
20090312,RURC2L_F,FRYING PAN - RUEDI RES. NR BASALT,10.9,278.0,90.3,52706.0,3213.0,100.0,2017-03-17T18:06:16.051000
20090313,RURC2L_F,FRYING PAN - RUEDI RES. NR BASALT,10.9,278.0,90.3,52715.0,4145.0,100.0,2017-03-17T18:06:50.352000
20090314,RURC2L_F,FRYING PAN - RUEDI RES. NR BASALT,10.9,278.0,90.3,52623.0,3183.0,100.0,2017-03-17T18:07:26.512000
20090315,RURC2L_F,FRYING PAN - RUEDI RES. NR BASALT,10.9,277.0,90.3,52511.0,2662.0,100.0,2017-03-17T18:08:01.813000
20090316,RURC2L_F,FRYING PAN - RUEDI RES. NR BASALT,10.9,276.0,90.3,52313.0,2588.0,100.0,2017-03-17T18:08:34.895000
20090317,RURC2L_F,FRYING PAN - RUEDI RES. NR BASALT,10.8,274.0,90.3,51961.0,2410.0,100.0,2017-03-17T18:09:06.476000
20090318,RURC2L_F,FRYING PAN - RUEDI RES. NR BASALT,10.8,274.0,90.3,51854.0,-478.0,100.0,2017-03-17T18:09:37.089000
20090319,RURC2L_F,FRYING PAN - RUEDI RES. NR BASALT,10.6,269.0,90.3,50969.0,-1737.0,100.0,2017-03-17T18:10:06.952000
20090320,RURC2L_F,FRYING PAN - RUEDI RES. NR BASALT,10.4,263.0,90.3,49946.0,-2769.0,100.0,2017-03-17T18:10:37.064000
20090321,RURC2L_F,FRYING PAN - RUEDI RES. NR BASALT,10.1,255.0,90.3,48416.0,-4207.0,100.0,2017-03-17T18:11:06.771000
20090322,RURC2L_F,FRYING PAN - RUEDI RES. NR BASALT,9.6,244.0,90.3,46301.0,-6210.0,100.0,2017-03-17T18:11:36.696000
20090323,RURC2L_F,FRYING PAN - RUEDI RES. NR BASALT,9.2,233.0,90.3,44205.0,-8108.0,100.0,2017-03-17T18:12:08.605000
20090324,RURC2L_F,FRYING PAN - RUEDI RES. NR BASALT,9.6,243.0,90.3,46041.0,-5920.0,100.0,2017-03-17T18:12:41.515000
20090325,RURC2L_F,FRYING PAN - RUEDI RES. NR BASALT,10.0,253.0,90.3,47934.0,-3920.0,100.0,2017-03-17T18:13:14.612000
20090326,RURC2L_F,FRYING PAN - RUEDI RES. NR BASALT,10.4,264.0,90.3,50015.0,-954.0,100.0,2017-03-17T18:13:47.475000
20090327,RURC2L_F,FRYING PAN - RUEDI RES. NR BASALT,11.2,286.0,90.3,54128.0,4182.0,100.0,2017-03-17T18:14:20.651000
20090328,RURC2L_F,FRYING PAN - RUEDI RES. NR BASALT,11.2,286.0,90.3,54140.0,5724.0,100.0,2017-03-17T18:14:54.389000
20090329,RURC2L_F,FRYING PAN - RUEDI RES. NR BASALT,11.2,285.0,90.3,54071.0,7770.0,100.0,2017-03-17T18:15:31.049000
20090330,RURC2L_F,FRYING PAN - RUEDI RES. NR BASALT,11.4,290.0,90.3,54995.0,10790.0,100.0,2017-03-17T18:16:07.084000
20090331,RURC2L_F,FRYING PAN - RUEDI RES. NR BASALT,11.3,288.0,90.3,54552.0,8511.0,100.0,2017-03-17T18:16:40.932000
20090401,RURC2L_F,FRYING PAN - RUEDI RES. NR BASALT,11.4,290.0,90.3,55054.0,7120.0,100.0,2017-03-17T18:17:15.060000
20090402,RURC2L_F,FRYING PAN - RUEDI RES. NR BASALT,12.0,305.0,90.3,57772.0,7757.0,100.0,2017-03-17T18:17:48.548000
20090403,RURC2L_F,FRYING PAN - RUEDI RES. NR BASALT,12.0,305.0,90.3,57892.0,3764.0,100.0,2017-03-17T18:18:23.287000
20090404,RURC2L_F,FRYING PAN - RUEDI RES. NR BASALT,12.3,311.0,90.3,59019.0,4879.0,100.0,2017-03-17T18:18:58.369000
20090405,RURC2L_F,FRYING PAN - RUEDI RES. NR BASALT,12.9,329.0,90.3,62280.0,8209.0,100.0,2017-03-17T18:19:32.810000
20090406,RURC2L_F,FRYING PAN - RUEDI RES. NR BASALT,13.0,329.0,90.3,62362.0,7367.0,100.0,2017-03-17T18:20:07.282000
20090407,RURC2L_F,FRYING PAN - RUEDI RES. NR BASALT,12.7,322.0,90.3,61013.0,6461.0,100.0,2017-03-17T18:20:41.817000
20090408,RURC2L_F,FRYING PAN - RUEDI RES. NR BASALT,12.6,320.0,90.3,60667.0,5613.0,100.0,2017-03-17T18:21:14.758000
20090409,RURC2L_F,FRYING PAN - RUEDI RES. NR BASALT,12.4,315.0,90.3,59641.0,1869.0,100.0,2017-03-17T18:21:46.996000
20090410,RURC2L_F,FRYING PAN - RUEDI RES. NR BASALT,12.7,322.0,90.3,60954.0,3062.0,100.0,2017-03-17T18:22:18.843000
20090411,RURC2L_F,FRYING PAN - RUEDI RES. NR BASALT,12.5,318.0,90.3,60251.0,1232.0,100.0,2017-03-17T18:22:49.800000
20090412,RURC2L_F,FRYING PAN - RUEDI RES. NR BASALT,12.7,324.0,90.3,61380.0,-900.0,100.0,2017-03-17T18:23:20.522000
20090413,RURC2L_F,FRYING PAN - RUEDI RES. NR BASALT,12.8,325.0,90.3,61652.0,-710.0,100.0,2017-03-17T18:23:50.807000
20090414,RURC2L_F,FRYING PAN - RUEDI RES. NR BASALT,12.7,322.0,90.3,60967.0,-46.0,100.0,2017-03-17T18:24:20.154000
20090415,RURC2L_F,FRYING PAN - RUEDI RES. NR BASALT,12.4,314.0,90.3,59614.0,-1053.0,100.0,2017-03-17T18:24:49.454000
20090416,RURC2L_F,FRYING PAN - RUEDI RES. NR BASALT,12.0,305.0,90.3,57758.0,-1883.0,99.91,2017-03-17T18:25:19.676000
20090417,RURC2L_F,FRYING PAN - RUEDI RES. NR BASALT,12.5,317.0,90.3,60157.0,-797.0,100.0,2017-03-17T18:25:49.194000
20090418,RURC2L_F,FRYING PAN - RUEDI RES. NR BASALT,12.8,324.0,90.3,61468.0,1217.0,100.0,2017-03-17T18:26:19.620000
20090419,RURC2L_F,FRYING PAN - RUEDI RES. NR BASALT,12.8,324.0,90.3,61419.0,39.0,100.0,2017-03-17T18:26:48.217000
20090420,RURC2L_F,FRYING PAN - RUEDI RES. NR BASALT,12.6,321.0,90.3,60853.0,-799.0,100.0,2017-03-17T18:27:16.001000
20090421,RURC2L_F,FRYING PAN - RUEDI RES. NR BASALT,11.6,296.0,90.3,56056.0,-4911.0,99.63,2017-03-17T18:27:43.238000
20090422,RURC2L_F,FRYING PAN - RUEDI RES. NR BASALT,11.3,287.0,90.3,54317.0,-5297.0,98.62,2017-03-17T18:28:10.335000
20090423,RURC2L_F,FRYING PAN - RUEDI RES. NR BASALT,10.8,275.0,90.3,52159.0,-5599.0,97.06,2017-03-17T18:28:37.088000
20090424,RURC2L_F,FRYING PAN - RUEDI RES. NR BASALT,9.7,247.0,90.3,46794.0,-13363.0,93.03,2017-03-17T18:29:04.185000
20090425,RURC2L_F,FRYING PAN - RUEDI RES. NR BASALT,8.9,225.0,90.3,42738.0,-18730.0,89.17,2017-03-17T18:29:32.250000
20090426,RURC2L_F,FRYING PAN - RUEDI RES. NR BASALT,8.3,211.0,90.3,39951.0,-21468.0,90.73,2017-03-17T18:30:00.941000
20090427,RURC2L_F,FRYING PAN - RUEDI RES. NR BASALT,8.2,209.0,90.3,39658.0,-21195.0,100.0,2017-03-17T18:30:29.834000
20090428,RURC2L_F,FRYING PAN - RUEDI RES. NR BASALT,8.2,208.0,90.3,39378.0,-16678.0,97.98,2017-03-17T18:30:58.025000
20090429,RURC2L_F,FRYING PAN - RUEDI RES. NR BASALT,7.9,202.0,90.3,38205.0,-16112.0,86.06,2017-03-17T18:31:26.278000
20090430,RURC2L_F,FRYING PAN - RUEDI RES. NR BASALT,7.4,187.0,90.3,35407.0,-16752.0,84.31,2017-03-17T18:31:54.641000
20090501,RURC2L_F,FRYING PAN - RUEDI RES. NR BASALT,6.6,167.0,90.3,31729.0,-15065.0,80.37,2017-03-17T18:32:22.597000
20090502,RURC2L_F,FRYING PAN - RUEDI RES. NR BASALT,6.1,154.0,90.3,29221.0,-13517.0,79.17,2017-03-17T18:32:50.365000
20090503,RURC2L_F,FRYING PAN - RUEDI RES. NR BASALT,5.8,147.0,90.3,27892.0,-12059.0,78.9,2017-03-17T18:33:17.806000
20090504,RURC2L_F,FRYING PAN - RUEDI RES. NR BASALT,5.6,143.0,90.3,27044.0,-12614.0,78.35,2017-03-17T18:33:44.903000
20090505,RURC2L_F,FRYING PAN - RUEDI RES. NR BASALT,5.7,144.0,90.3,27224.0,-12154.0,93.67,2017-03-17T18:34:11.734000
20090506,RURC2L_F,FRYING PAN - RUEDI RES. NR BASALT,5.3,135.0,90.3,25542.0,-12663.0,77.16,2017-03-17T18:34:38.455000
20090507,RURC2L_F,FRYING PAN - RUEDI RES. NR BASALT,5.2,132.0,90.3,25054.0,-10353.0,75.14,2017-03-17T18:35:05.177000
20090508,RURC2L_F,FRYING PAN - RUEDI RES. NR BASALT,4.3,109.0,90.3,20599.0,-11130.0,71.01,2017-03-17T18:35:31.820000
20090509,RURC2L_F,FRYING PAN - RUEDI RES. NR BASALT,3.9,100.0,90.3,18885.0,-10336.0,70.28,2017-03-17T18:35:58.573000
20090510,RURC2L_F,FRYING PAN - RUEDI RES. NR BASALT,3.6,91.0,90.3,17270.0,-10622.0,68.72,2017-03-17T18:36:24.560000
20090511,RURC2L_F,FRYING PAN - RUEDI RES. NR BASALT,3.2,82.0,90.3,15573.0,-11471.0,66.61,2017-03-17T18:36:50.500000
20090512,RURC2L_F,FRYING PAN - RUEDI RES. NR BASALT,2.7,69.0,90.3,13081.0,-14143.0,64.31,2017-03-17T18:37:16.675000
20090513,RURC2L_F,FRYING PAN - RUEDI RES. NR BASALT,2.0,50.0,90.3,9559.0,-15983.0,56.7,2017-03-17T18:37:43.069000
20090514,RURC2L_F,FRYING PAN - RUEDI RES. NR BASALT,1.6,42.0,90.3,7932.0,-17122.0,54.59,2017-03-17T18:38:09.493000
20090515,RURC2L_F,FRYING PAN - RUEDI RES. NR BASALT,1.3,33.0,90.3,6321.0,-14278.0,49.27,2017-03-17T18:38:36.621000
20090516,RURC2L_F,FRYING PAN - RUEDI RES. NR BASALT,1.3,32.0,90.3,6058.0,-12827.0,48.62,2017-03-17T18:39:02.921000
20090517,RURC2L_F,FRYING PAN - RUEDI RES. NR BASALT,1.0,26.0,90.3,4866.0,-12404.0,42.48,2017-03-17T18:39:29.127000
20090518,RURC2L_F,FRYING PAN - RUEDI RES. NR BASALT,0.8,20.0,90.3,3851.0,-11722.0,37.52,2017-03-17T18:39:54.739000
20090519,RURC2L_F,FRYING PAN - RUEDI RES. NR BASALT,0.5,14.0,90.3,2572.0,-10509.0,29.27,2017-03-17T18:40:19.930000
20090520,RURC2L_F,FRYING PAN - RUEDI RES. NR BASALT,0.4,9.0,90.3,1749.0,-7810.0,23.03,2017-03-17T18:40:45.292000
20090521,RURC2L_F,FRYING PAN - RUEDI RES. NR BASALT,0.3,7.0,90.3,1370.0,-6562.0,19.82,2017-03-17T18:41:10.451000
20090522,RURC2L_F,FRYING PAN - RUEDI RES. NR BASALT,0.2,6.0,90.3,1186.0,-5135.0,18.72,2017-03-17T18:41:35.328000
20090523,RURC2L_F,FRYING PAN - RUEDI RES. NR BASALT,0.2,5.0,90.3,973.0,-5085.0,15.78,2017-03-17T18:42:00.659000
20090524,RURC2L_F,FRYING PAN - RUEDI RES. NR BASALT,0.2,4.0,90.3,784.0,-4082.0,14.13,2017-03-17T18:42:26.740000
20090525,RURC2L_F,FRYING PAN - RUEDI RES. NR BASALT,0.1,4.0,90.3,664.0,-3187.0,13.49,2017-03-17T18:42:53.603000
20090526,RURC2L_F,FRYING PAN - RUEDI RES. NR BASALT,0.1,3.0,90.3,539.0,-2033.0,11.28,2017-03-17T18:43:19.449000
20090527,RURC2L_F,FRYING PAN - RUEDI RES. NR BASALT,0.1,2.0,90.3,468.0,-1281.0,10.37,2017-03-17T18:43:45.389000
20090528,RURC2L_F,FRYING PAN - RUEDI RES. NR BASALT,0.1,2.0,90.3,351.0,-1019.0,9.36,2017-03-17T18:44:11.345000
20090529,RURC2L_F,FRYING PAN - RUEDI RES. NR BASALT,0.1,1.0,90.3,265.0,-921.0,7.8,2017-03-17T18:44:36.567000
20090530,RURC2L_F,FRYING PAN - RUEDI RES. NR BASALT,0.0,1.0,90.3,188.0,-785.0,6.06,2017-03-17T18:45:01.476000
20090531,RURC2L_F,FRYING PAN - RUEDI RES. NR BASALT,0.0,1.0,90.3,139.0,-645.0,4.4,2017-03-17T18:45:26.026000
20090601,RURC2L_F,FRYING PAN - RUEDI RES. NR BASALT,0.0,1.0,90.3,97.0,-567.0,3.12,2017-03-17T18:45:50.934000
20090602,RURC2L_F,FRYING PAN - RUEDI RES. NR BASALT,0.1,2.0,90.3,336.0,-203.0,15.69,2017-03-17T18:46:16.015000
20090603,RURC2L_F,FRYING PAN - RUEDI RES. NR BASALT,0.0,1.0,90.3,219.0,-249.0,12.84,2017-03-17T18:46:40.956000
20090604,RURC2L_F,FRYING PAN - RUEDI RES. NR BASALT,0.0,0.0,90.3,58.0,-293.0,3.49,2017-03-17T18:47:06.271000
20090605,RURC2L_F,FRYING PAN - RUEDI RES. NR BASALT,0.0,0.0,90.3,26.0,-239.0,1.38,2017-03-17T18:47:30.992000
20090606,RURC2L_F,FRYING PAN - RUEDI RES. NR BASALT,0.0,0.0,90.3,10.0,-178.0,0.64,2017-03-17T18:47:56.011000
20090607,RURC2L_F,FRYING PAN - RUEDI RES. NR BASALT,0.0,0.0,90.3,7.0,-132.0,0.46,2017-03-17T18:48:21.498000
20090608,RURC2L_F,FRYING PAN - RUEDI RES. NR BASALT,0.0,0.0,90.3,6.0,-91.0,0.46,2017-03-17T18:48:46.938000
20090609,RURC2L_F,FRYING PAN - RUEDI RES. NR BASALT,0.0,0.0,90.3,4.0,-332.0,0.46,2017-03-17T18:49:13.300000
20090610,RURC2L_F,FRYING PAN - RUEDI RES. NR BASALT,0.0,0.0,90.3,3.0,-216.0,0.46,2017-03-17T18:49:38.616000
20090611,RURC2L_F,FRYING PAN - RUEDI RES. NR BASALT,0.0,0.0,90.3,1.0,-57.0,0.46,2017-03-17T18:50:04.603000
20090612,RURC2L_F,FRYING PAN - RUEDI RES. NR BASALT,0.0,0.0,90.3,0.0,-26.0,0.0,2017-03-17T18:50:30.543000
20090613,RURC2L_F,FRYING PAN - RUEDI RES. NR BASALT,0.0,0.0,90.3,0.0,-10.0,0.0,2017-03-17T18:50:55.749000
20090614,RURC2L_F,FRYING PAN - RUEDI RES. NR BASALT,0.0,0.0,90.3,0.0,-7.0,0.0,2017-03-17T18:51:20.673000
20090615,RURC2L_F,FRYING PAN - RUEDI RES. NR BASALT,0.0,0.0,90.3,0.0,-6.0,0.0,2017-03-17T18:51:45.379000
20090616,RURC2L_F,FRYING PAN - RUEDI RES. NR BASALT,0.0,0.0,90.3,0.0,-4.0,0.0,2017-03-17T18:52:11.085000
20090617,RURC2L_F,FRYING PAN - RUEDI RES. NR BASALT,0.0,0.0,90.3,0.0,-3.0,0.0,2017-03-17T18:52:36.166000
20090618,RURC2L_F,FRYING PAN - RUEDI RES. NR BASALT,0.0,0.0,90.3,0.0,-1.0,0.0,2017-03-17T18:53:00.888000
20090619,RURC2L_F,FRYING PAN - RUEDI RES. NR BASALT,0.0,0.0,90.3,0.0,0.0,0.0,2017-03-17T18:53:26.171000
20090620,RURC2L_F,FRYING PAN - RUEDI RES. NR BASALT,0.0,0.0,90.3,0.0,0.0,0.0,2017-03-17T18:53:50.612000
20090621,RURC2L_F,FRYING PAN - RUEDI RES. NR BASALT,0.0,0.0,90.3,0.0,0.0,0.0,2017-03-17T18:54:15.114000
20090622,RURC2L_F,FRYING PAN - RUEDI RES. NR BASALT,0.0,0.0,90.3,0.0,0.0,0.0,2017-03-17T18:54:40.508000
20090623,RURC2L_F,FRYING PAN - RUEDI RES. NR BASALT,0.0,0.0,90.3,0.0,0.0,0.0,2017-03-17T18:55:04.338000
20090624,RURC2L_F,FRYING PAN - RUEDI RES. NR BASALT,0.0,0.0,90.3,0.0,0.0,0.0,2017-03-17T18:55:28.372000
20090625,RURC2L_F,FRYING PAN - RUEDI RES. NR BASALT,0.0,0.0,90.3,0.0,0.0,0.0,2017-03-17T18:55:53.140000
20090626,RURC2L_F,FRYING PAN - RUEDI RES. NR BASALT,0.0,0.0,90.3,0.0,0.0,0.0,2017-03-17T18:56:17.549000
20090627,RURC2L_F,FRYING PAN - RUEDI RES. NR BASALT,0.0,0.0,90.3,0.0,0.0,0.0,2017-03-17T18:56:41.739000
20090628,RURC2L_F,FRYING PAN - RUEDI RES. NR BASALT,0.0,0.0,90.3,0.0,0.0,0.0,2017-03-17T18:57:05.711000
20090629,RURC2L_F,FRYING PAN - RUEDI RES. NR BASALT,0.0,0.0,90.3,0.0,0.0,0.0,2017-03-17T18:57:29.620000
20090630,RURC2L_F,FRYING PAN - RUEDI RES. NR BASALT,0.0,0.0,90.3,0.0,0.0,0.0,2017-03-17T18:57:53.294000
20090701,RURC2L_F,FRYING PAN - RUEDI RES. NR BASALT,0.0,0.0,90.3,0.0,0.0,0.0,2017-03-17T18:58:16.812000
20090702,RURC2L_F,FRYING PAN - RUEDI RES. NR BASALT,0.0,0.0,90.3,0.0,0.0,0.0,2017-03-17T18:58:42.706000
20090703,RURC2L_F,FRYING PAN - RUEDI RES. NR BASALT,0.0,0.0,90.3,0.0,0.0,0.0,2017-03-17T18:59:06.583000
20090704,RURC2L_F,FRYING PAN - RUEDI RES. NR BASALT,0.0,0.0,90.3,0.0,0.0,0.0,2017-03-17T18:59:30.898000
20090705,RURC2L_F,FRYING PAN - RUEDI RES. NR BASALT,0.0,0.0,90.3,0.0,0.0,0.0,2017-03-17T18:59:55.214000
20090706,RURC2L_F,FRYING PAN - RUEDI RES. NR BASALT,0.0,0.0,90.3,0.0,0.0,0.0,2017-03-17T19:00:19.701000
20090707,RURC2L_F,FRYING PAN - RUEDI RES. NR BASALT,0.0,0.0,90.3,0.0,0.0,0.0,2017-03-17T19:00:43.828000
20090708,RURC2L_F,FRYING PAN - RUEDI RES. NR BASALT,0.0,0.0,90.3,0.0,0.0,0.0,2017-03-17T19:01:08.081000
20090709,RURC2L_F,FRYING PAN - RUEDI RES. NR BASALT,0.0,0.0,90.3,0.0,0.0,0.0,2017-03-17T19:01:32.177000
20090710,RURC2L_F,FRYING PAN - RUEDI RES. NR BASALT,0.0,0.0,90.3,0.0,0.0,0.0,2017-03-17T19:01:55.727000
20090711,RURC2L_F,FRYING PAN - RUEDI RES. NR BASALT,0.0,0.0,90.3,0.0,0.0,0.0,2017-03-17T19:02:20.292000
20090712,RURC2L_F,FRYING PAN - RUEDI RES. NR BASALT,0.0,0.0,90.3,0.0,0.0,0.0,2017-03-17T19:02:44.091000
20090713,RURC2L_F,FRYING PAN - RUEDI RES. NR BASALT,0.0,0.0,90.3,0.0,0.0,0.0,2017-03-17T19:03:07.938000
20090714,RURC2L_F,FRYING PAN - RUEDI RES. NR BASALT,0.0,0.0,90.3,0.0,0.0,0.0,2017-03-17T19:03:31.831000
20090715,RURC2L_F,FRYING PAN - RUEDI RES. NR BASALT,0.0,0.0,90.3,0.0,0.0,0.0,2017-03-17T19:03:56.193000
20090716,RURC2L_F,FRYING PAN - RUEDI RES. NR BASALT,0.0,0.0,90.3,0.0,0.0,0.0,2017-03-17T19:04:19.758000
20090717,RURC2L_F,FRYING PAN - RUEDI RES. NR BASALT,0.0,0.0,90.3,0.0,0.0,0.0,2017-03-17T19:04:43.604000
20090718,RURC2L_F,FRYING PAN - RUEDI RES. NR BASALT,0.0,0.0,90.3,0.0,0.0,0.0,2017-03-17T19:05:07.607000
20090719,RURC2L_F,FRYING PAN - RUEDI RES. NR BASALT,0.0,0.0,90.3,0.0,0.0,0.0,2017-03-17T19:05:31.266000
20090720,RURC2L_F,FRYING PAN - RUEDI RES. NR BASALT,0.0,0.0,90.3,0.0,0.0,0.0,2017-03-17T19:05:54.628000
20090721,RURC2L_F,FRYING PAN - RUEDI RES. NR BASALT,0.0,0.0,90.3,0.0,0.0,0.0,2017-03-17T19:06:18.974000
20090722,RURC2L_F,FRYING PAN - RUEDI RES. NR BASALT,0.0,0.0,90.3,0.0,0.0,0.0,2017-03-17T19:06:43.040000
20090723,RURC2L_F,FRYING PAN - RUEDI RES. NR BASALT,0.0,0.0,90.3,0.0,0.0,0.0,2017-03-17T19:07:07.433000
20090724,RURC2L_F,FRYING PAN - RUEDI RES. NR BASALT,0.0,0.0,90.3,0.0,0.0,0.0,2017-03-17T19:07:31.732000
20090725,RURC2L_F,FRYING PAN - RUEDI RES. NR BASALT,0.0,0.0,90.3,0.0,0.0,0.0,2017-03-17T19:07:55.813000
20090726,RURC2L_F,FRYING PAN - RUEDI RES. NR BASALT,0.0,0.0,90.3,0.0,0.0,0.0,2017-03-17T19:08:19.628000
20090727,RURC2L_F,FRYING PAN - RUEDI RES. NR BASALT,0.0,0.0,90.3,0.0,0.0,0.0,2017-03-17T19:08:44.225000
20090728,RURC2L_F,FRYING PAN - RUEDI RES. NR BASALT,0.0,0.0,90.3,0.0,0.0,0.0,2017-03-17T19:09:08.852000
20090729,RURC2L_F,FRYING PAN - RUEDI RES. NR BASALT,0.0,0.0,90.3,0.0,0.0,0.0,2017-03-17T19:09:33.152000
20090730,RURC2L_F,FRYING PAN - RUEDI RES. NR BASALT,0.0,0.0,90.3,0.0,0.0,0.0,2017-03-17T19:09:57.545000
20090731,RURC2L_F,FRYING PAN - RUEDI RES. NR BASALT,0.0,0.0,90.3,0.0,0.0,0.0,2017-03-17T19:10:22.501000
20090801,RURC2L_F,FRYING PAN - RUEDI RES. NR BASALT,0.0,0.0,90.3,0.0,0.0,0.0,2017-03-17T19:10:46.457000
20090802,RURC2L_F,FRYING PAN - RUEDI RES. NR BASALT,0.0,0.0,90.3,0.0,0.0,0.0,2017-03-17T19:11:10.475000
20090803,RURC2L_F,FRYING PAN - RUEDI RES. NR BASALT,0.0,0.0,90.3,0.0,0.0,0.0,2017-03-17T19:11:34.196000
20090804,RURC2L_F,FRYING PAN - RUEDI RES. NR BASALT,0.0,0.0,90.3,0.0,0.0,0.0,2017-03-17T19:11:57.449000
20090805,RURC2L_F,FRYING PAN - RUEDI RES. NR BASALT,0.0,0.0,90.3,0.0,0.0,0.0,2017-03-17T19:12:20.873000
20090806,RURC2L_F,FRYING PAN - RUEDI RES. NR BASALT,0.0,0.0,90.3,0.0,0.0,0.0,2017-03-17T19:12:44.517000
20090807,RURC2L_F,FRYING PAN - RUEDI RES. NR BASALT,0.0,0.0,90.3,0.0,0.0,0.0,2017-03-17T19:13:08.379000
20090808,RURC2L_F,FRYING PAN - RUEDI RES. NR BASALT,0.0,0.0,90.3,0.0,0.0,0.0,2017-03-17T19:13:31.990000
20090809,RURC2L_F,FRYING PAN - RUEDI RES. NR BASALT,0.0,0.0,90.3,0.0,0.0,0.0,2017-03-17T19:13:56.384000
20090810,RURC2L_F,FRYING PAN - RUEDI RES. NR BASALT,0.0,0.0,90.3,0.0,0.0,0.0,2017-03-17T19:14:20.683000
20090811,RURC2L_F,FRYING PAN - RUEDI RES. NR BASALT,0.0,0.0,90.3,0.0,0.0,0.0,2017-03-17T19:14:44.295000
20090812,RURC2L_F,FRYING PAN - RUEDI RES. NR BASALT,0.0,0.0,90.3,0.0,0.0,0.0,2017-03-17T19:15:07.813000
20090813,RURC2L_F,FRYING PAN - RUEDI RES. NR BASALT,0.0,0.0,90.3,0.0,0.0,0.0,2017-03-17T19:15:31.441000
20090814,RURC2L_F,FRYING PAN - RUEDI RES. NR BASALT,0.0,0.0,90.3,0.0,0.0,0.0,2017-03-17T19:15:54.943000
20090815,RURC2L_F,FRYING PAN - RUEDI RES. NR BASALT,0.0,0.0,90.3,0.0,0.0,0.0,2017-03-17T19:16:18.743000
20090816,RURC2L_F,FRYING PAN - RUEDI RES. NR BASALT,0.0,0.0,90.3,0.0,0.0,0.0,2017-03-17T19:16:43.042000
20090817,RURC2L_F,FRYING PAN - RUEDI RES. NR BASALT,0.0,0.0,90.3,0.0,0.0,0.0,2017-03-17T19:17:06.670000
20090818,RURC2L_F,FRYING PAN - RUEDI RES. NR BASALT,0.0,0.0,90.3,0.0,0.0,0.0,2017-03-17T19:17:30.266000
20090819,RURC2L_F,FRYING PAN - RUEDI RES. NR BASALT,0.0,0.0,90.3,0.0,0.0,0.0,2017-03-17T19:17:53.706000
20090821,RURC2L_F,FRYING PAN - RUEDI RES. NR BASALT,0.0,0.0,90.3,0.0,0.0,0.0,2017-03-17T19:18:18.381000
20090822,RURC2L_F,FRYING PAN - RUEDI RES. NR BASALT,0.0,0.0,90.3,0.0,0.0,0.0,2017-03-17T19:18:42.118000
20090823,RURC2L_F,FRYING PAN - RUEDI RES. NR BASALT,0.0,0.0,90.3,0.0,0.0,0.0,2017-03-17T19:19:06.136000
20090824,RURC2L_F,FRYING PAN - RUEDI RES. NR BASALT,0.0,0.0,90.3,0.0,0.0,0.0,2017-03-17T19:19:29.639000
20090825,RURC2L_F,FRYING PAN - RUEDI RES. NR BASALT,0.0,0.0,90.3,0.0,0.0,0.0,2017-03-17T19:19:53.219000
20090826,RURC2L_F,FRYING PAN - RUEDI RES. NR BASALT,0.0,0.0,90.3,0.0,0.0,0.0,2017-03-17T19:20:17.269000
20090827,RURC2L_F,FRYING PAN - RUEDI RES. NR BASALT,0.0,0.0,90.3,0.0,NULL,0.0,2017-03-17T19:20:40.662000
20090828,RURC2L_F,FRYING PAN - RUEDI RES. NR BASALT,0.0,0.0,90.3,0.0,0.0,0.0,2017-03-17T19:21:04.164000
20090829,RURC2L_F,FRYING PAN - RUEDI RES. NR BASALT,0.0,0.0,90.3,0.0,0.0,0.0,2017-03-17T19:21:27.620000
20090830,RURC2L_F,FRYING PAN - RUEDI RES. NR BASALT,0.0,0.0,90.3,0.0,0.0,0.0,2017-03-17T19:21:51.560000
20090831,RURC2L_F,FRYING PAN - RUEDI RES. NR BASALT,0.0,0.0,90.3,0.0,0.0,0.0,2017-03-17T19:22:15.047000
20090901,RURC2L_F,FRYING PAN - RUEDI RES. NR BASALT,0.0,0.0,90.3,0.0,0.0,0.0,2017-03-17T19:22:38.378000
20090902,RURC2L_F,FRYING PAN - RUEDI RES. NR BASALT,0.0,0.0,90.3,0.0,0.0,0.0,2017-03-17T19:23:01.552000
20090903,RURC2L_F,FRYING PAN - RUEDI RES. NR BASALT,0.0,0.0,90.3,0.0,0.0,0.0,2017-03-17T19:23:24.648000
20090904,RURC2L_F,FRYING PAN - RUEDI RES. NR BASALT,0.0,0.0,90.3,0.0,0.0,0.0,2017-03-17T19:23:48.308000
20090905,RURC2L_F,FRYING PAN - RUEDI RES. NR BASALT,0.0,0.0,90.3,0.0,0.0,0.0,2017-03-17T19:24:12.060000
20090906,RURC2L_F,FRYING PAN - RUEDI RES. NR BASALT,0.0,0.0,90.3,0.0,0.0,0.0,2017-03-17T19:24:35.875000
20090907,RURC2L_F,FRYING PAN - RUEDI RES. NR BASALT,0.0,0.0,90.3,0.0,0.0,0.0,2017-03-17T19:24:59.362000
20090908,RURC2L_F,FRYING PAN - RUEDI RES. NR BASALT,0.0,0.0,90.3,0.0,0.0,0.0,2017-03-17T19:25:22.927000
20090909,RURC2L_F,FRYING PAN - RUEDI RES. NR BASALT,0.0,0.0,90.3,0.0,0.0,0.0,2017-03-17T19:25:46.555000
20090910,RURC2L_F,FRYING PAN - RUEDI RES. NR BASALT,0.0,0.0,90.3,0.0,0.0,0.0,2017-03-17T19:26:10.276000
20090911,RURC2L_F,FRYING PAN - RUEDI RES. NR BASALT,0.0,0.0,90.3,0.0,0.0,0.0,2017-03-17T19:26:33.841000
20090912,RURC2L_F,FRYING PAN - RUEDI RES. NR BASALT,0.0,0.0,90.3,0.0,0.0,0.0,2017-03-17T19:26:57.484000
20090913,RURC2L_F,FRYING PAN - RUEDI RES. NR BASALT,0.0,0.0,90.3,0.0,0.0,0.0,2017-03-17T19:27:20.831000
20090914,RURC2L_F,FRYING PAN - RUEDI RES. NR BASALT,0.0,0.0,90.3,0.0,0.0,0.0,2017-03-17T19:27:44.458000
20090915,RURC2L_F,FRYING PAN - RUEDI RES. NR BASALT,0.0,0.0,90.3,0.0,0.0,0.0,2017-03-17T19:28:08.336000
20090916,RURC2L_F,FRYING PAN - RUEDI RES. NR BASALT,0.0,0.0,90.3,0.0,0.0,0.0,2017-03-17T19:28:32.401000
20090917,RURC2L_F,FRYING PAN - RUEDI RES. NR BASALT,0.0,0.0,90.3,0.0,0.0,0.0,2017-03-17T19:28:56.028000
20090918,RURC2L_F,FRYING PAN - RUEDI RES. NR BASALT,0.0,0.0,90.3,0.0,0.0,0.0,2017-03-17T19:29:19.468000
20090919,RURC2L_F,FRYING PAN - RUEDI RES. NR BASALT,0.0,0.0,90.3,0.0,0.0,0.0,2017-03-17T19:29:42.612000
20090920,RURC2L_F,FRYING PAN - RUEDI RES. NR BASALT,0.0,0.0,90.3,0.0,0.0,0.0,2017-03-17T19:30:06.442000
20090921,RURC2L_F,FRYING PAN - RUEDI RES. NR BASALT,0.0,0.0,90.3,0.0,0.0,0.0,2017-03-17T19:30:30.804000
20090922,RURC2L_F,FRYING PAN - RUEDI RES. NR BASALT,0.1,4.0,90.3,681.0,681.0,85.14,2017-03-17T19:30:55.557000
20090923,RURC2L_F,FRYING PAN - RUEDI RES. NR BASALT,0.2,6.0,90.3,1082.0,1082.0,90.73,2017-03-17T19:31:19.966000
20090924,RURC2L_F,FRYING PAN - RUEDI RES. NR BASALT,0.1,2.0,90.3,469.0,469.0,65.69,2017-03-17T19:31:43.953000
20090925,RURC2L_F,FRYING PAN - RUEDI RES. NR BASALT,0.0,1.0,90.3,165.0,165.0,33.67,2017-03-17T19:32:07.424000
20090926,RURC2L_F,FRYING PAN - RUEDI RES. NR BASALT,0.0,0.0,90.3,13.0,13.0,3.49,2017-03-17T19:32:31.552000
20090927,RURC2L_F,FRYING PAN - RUEDI RES. NR BASALT,0.0,0.0,90.3,0.0,0.0,0.0,2017-03-17T19:32:54.945000
20090928,RURC2L_F,FRYING PAN - RUEDI RES. NR BASALT,0.0,0.0,90.3,0.0,0.0,0.0,2017-03-17T19:33:18.229000
20090929,RURC2L_F,FRYING PAN - RUEDI RES. NR BASALT,0.0,0.0,90.3,0.0,-681.0,0.0,2017-03-17T19:33:40.762000
20090930,RURC2L_F,FRYING PAN - RUEDI RES. NR BASALT,0.0,0.0,90.3,0.0,-1082.0,0.0,2017-03-17T19:34:04.156000
20091001,RURC2L_F,FRYING PAN - RUEDI RES. NR BASALT,0.0,0.0,90.3,0.0,-469.0,0.0,2017-03-17T19:34:28.815000
20091002,RURC2L_F,FRYING PAN - RUEDI RES. NR BASALT,0.0,1.0,90.3,204.0,39.0,93.76,2017-03-17T19:34:54.130000
20091003,RURC2L_F,FRYING PAN - RUEDI RES. NR BASALT,0.0,0.0,90.3,51.0,38.0,26.97,2017-03-17T19:35:18.695000
20091004,RURC2L_F,FRYING PAN - RUEDI RES. NR BASALT,0.0,0.0,90.3,0.0,0.0,0.0,2017-03-17T19:35:43.463000
20091005,RURC2L_F,FRYING PAN - RUEDI RES. NR BASALT,0.0,0.0,90.3,0.0,0.0,0.0,2017-03-17T19:36:09.451000
20091006,RURC2L_F,FRYING PAN - RUEDI RES. NR BASALT,0.1,1.0,90.3,259.0,259.0,85.14,2017-03-17T19:36:36.938000
20091007,RURC2L_F,FRYING PAN - RUEDI RES. NR BASALT,0.0,0.0,90.3,73.0,73.0,34.86,2017-03-17T19:37:02.957000
20091008,RURC2L_F,FRYING PAN - RUEDI RES. NR BASALT,0.0,0.0,90.3,0.0,0.0,0.0,2017-03-17T19:37:28.788000
20091009,RURC2L_F,FRYING PAN - RUEDI RES. NR BASALT,0.0,1.0,90.3,228.0,24.0,85.96,2017-03-17T19:37:55.212000
20091010,RURC2L_F,FRYING PAN - RUEDI RES. NR BASALT,0.0,0.0,90.3,35.0,-16.0,18.44,2017-03-17T19:38:22.246000
20091011,RURC2L_F,FRYING PAN - RUEDI RES. NR BASALT,0.0,0.0,90.3,1.0,1.0,0.37,2017-03-17T19:38:48.734000
20091012,RURC2L_F,FRYING PAN - RUEDI RES. NR BASALT,0.0,0.0,90.3,1.0,1.0,0.37,2017-03-17T19:39:15.268000
20091013,RURC2L_F,FRYING PAN - RUEDI RES. NR BASALT,0.0,0.0,90.3,0.0,-259.0,0.0,2017-03-17T19:39:43.287000
20091014,RURC2L_F,FRYING PAN - RUEDI RES. NR BASALT,0.0,0.0,90.3,68.0,-5.0,27.98,2017-03-17T19:40:12.196000
20091015,RURC2L_F,FRYING PAN - RUEDI RES. NR BASALT,0.2,4.0,90.3,753.0,753.0,80.92,2017-03-17T19:40:41.605000
20091016,RURC2L_F,FRYING PAN - RUEDI RES. NR BASALT,0.1,2.0,90.3,470.0,242.0,46.88,2017-03-17T19:41:08.749000
20091017,RURC2L_F,FRYING PAN - RUEDI RES. NR BASALT,0.1,1.0,90.3,251.0,216.0,30.0,2017-03-17T19:41:35.330000
20091018,RURC2L_F,FRYING PAN - RUEDI RES. NR BASALT,0.0,0.0,90.3,31.0,30.0,7.8,2017-03-17T19:42:01.036000
20091019,RURC2L_F,FRYING PAN - RUEDI RES. NR BASALT,0.0,0.0,90.3,0.0,-1.0,0.0,2017-03-17T19:42:25.288000
20091020,RURC2L_F,FRYING PAN - RUEDI RES. NR BASALT,0.0,0.0,90.3,0.0,0.0,0.0,2017-03-17T19:42:49.432000
20091021,RURC2L_F,FRYING PAN - RUEDI RES. NR BASALT,0.0,0.0,90.3,27.0,-41.0,14.5,2017-03-17T19:43:14.106000
20091022,RURC2L_F,FRYING PAN - RUEDI RES. NR BASALT,0.0,1.0,90.3,179.0,-574.0,55.5,2017-03-17T19:43:39.890000
20091023,RURC2L_F,FRYING PAN - RUEDI RES. NR BASALT,0.0,0.0,90.3,78.0,-392.0,23.21,2017-03-17T19:44:04.940000
20091024,RURC2L_F,FRYING PAN - RUEDI RES. NR BASALT,0.0,0.0,90.3,43.0,-208.0,14.59,2017-03-17T19:44:31.677000
20091025,RURC2L_F,FRYING PAN - RUEDI RES. NR BASALT,0.3,8.0,90.3,1432.0,1401.0,100.0,2017-03-17T19:44:56.680000
20091026,RURC2L_F,FRYING PAN - RUEDI RES. NR BASALT,0.4,10.0,90.3,1977.0,1977.0,100.0,2017-03-17T19:45:21.870000
20091027,RURC2L_F,FRYING PAN - RUEDI RES. NR BASALT,0.4,10.0,90.3,1876.0,1876.0,100.0,2017-03-17T19:45:47.842000
20091028,RURC2L_F,FRYING PAN - RUEDI RES. NR BASALT,0.4,10.0,90.3,1863.0,1836.0,100.0,2017-03-17T19:46:14.595000
20091029,RURC2L_F,FRYING PAN - RUEDI RES. NR BASALT,0.4,11.0,90.3,2108.0,1929.0,100.0,2017-03-17T19:46:42.035000
20091030,RURC2L_F,FRYING PAN - RUEDI RES. NR BASALT,0.6,16.0,90.3,3010.0,2932.0,100.0,2017-03-17T19:47:11.773000
20091031,RURC2L_F,FRYING PAN - RUEDI RES. NR BASALT,0.8,22.0,90.3,4081.0,4038.0,100.0,2017-03-17T19:47:40.916000
20091101,RURC2L_F,FRYING PAN - RUEDI RES. NR BASALT,0.8,21.0,90.3,3971.0,2539.0,100.0,2017-03-17T19:48:09.779000
20091102,RURC2L_F,FRYING PAN - RUEDI RES. NR BASALT,0.7,19.0,90.3,3590.0,1613.0,100.0,2017-03-17T19:48:34.813000
20091103,RURC2L_F,FRYING PAN - RUEDI RES. NR BASALT,0.7,17.0,90.3,3168.0,1292.0,97.89,2017-03-17T19:48:59.191000
20091104,RURC2L_F,FRYING PAN - RUEDI RES. NR BASALT,0.5,14.0,90.3,2591.0,728.0,90.0,2017-03-17T19:49:24.006000
20091105,RURC2L_F,FRYING PAN - RUEDI RES. NR BASALT,0.4,9.0,90.3,1720.0,-388.0,77.06,2017-03-17T19:49:48.696000
20091106,RURC2L_F,FRYING PAN - RUEDI RES. NR BASALT,0.1,4.0,90.3,686.0,-2324.0,55.14,2017-03-17T19:50:13.308000
20091107,RURC2L_F,FRYING PAN - RUEDI RES. NR BASALT,0.1,1.0,90.3,241.0,-3840.0,28.44,2017-03-17T19:50:38.295000
20091108,RURC2L_F,FRYING PAN - RUEDI RES. NR BASALT,0.0,0.0,90.3,75.0,-3896.0,10.73,2017-03-17T19:51:03.548000
20091109,RURC2L_F,FRYING PAN - RUEDI RES. NR BASALT,0.0,0.0,90.3,51.0,-3539.0,7.34,2017-03-17T19:51:28.628000
20091110,RURC2L_F,FRYING PAN - RUEDI RES. NR BASALT,0.0,1.0,90.3,155.0,-3013.0,16.7,2017-03-17T19:51:53.256000
20091111,RURC2L_F,FRYING PAN - RUEDI RES. NR BASALT,0.0,0.0,90.3,74.0,-2517.0,9.08,2017-03-17T19:52:19.259000
20091112,RURC2L_F,FRYING PAN - RUEDI RES. NR BASALT,0.0,0.0,90.3,28.0,-1692.0,4.68,2017-03-17T19:52:44.621000
20091113,RURC2L_F,FRYING PAN - RUEDI RES. NR BASALT,0.0,0.0,90.3,17.0,-669.0,3.76,2017-03-17T19:53:10.921000
20091114,RURC2L_F,FRYING PAN - RUEDI RES. NR BASALT,0.5,12.0,90.3,2225.0,1984.0,100.0,2017-03-17T19:53:38.065000
20091115,RURC2L_F,FRYING PAN - RUEDI RES. NR BASALT,0.9,24.0,90.3,4461.0,4386.0,100.0,2017-03-17T19:54:05.943000
20091116,RURC2L_F,FRYING PAN - RUEDI RES. NR BASALT,1.1,28.0,90.3,5214.0,5163.0,100.0,2017-03-17T19:54:33.742000
20091117,RURC2L_F,FRYING PAN - RUEDI RES. NR BASALT,1.3,32.0,90.3,6152.0,5997.0,100.0,2017-03-17T19:55:02.808000
20091118,RURC2L_F,FRYING PAN - RUEDI RES. NR BASALT,1.3,32.0,90.3,6087.0,6013.0,100.0,2017-03-17T19:55:30.577000
20091119,RURC2L_F,FRYING PAN - RUEDI RES. NR BASALT,1.2,32.0,90.3,5987.0,5959.0,100.0,2017-03-17T19:55:58.580000
20091120,RURC2L_F,FRYING PAN - RUEDI RES. NR BASALT,1.2,31.0,90.3,5930.0,5913.0,100.0,2017-03-17T19:56:25.864000
20091121,RURC2L_F,FRYING PAN - RUEDI RES. NR BASALT,1.2,31.0,90.3,5795.0,3570.0,100.0,2017-03-17T19:56:52.508000
20091122,RURC2L_F,FRYING PAN - RUEDI RES. NR BASALT,1.2,30.0,90.3,5728.0,1267.0,100.0,2017-03-17T19:57:19.667000
20091123,RURC2L_F,FRYING PAN - RUEDI RES. NR BASALT,1.2,30.0,90.3,5690.0,476.0,100.0,2017-03-17T19:57:48.185000
20091124,RURC2L_F,FRYING PAN - RUEDI RES. NR BASALT,1.4,37.0,90.3,6941.0,789.0,100.0,2017-03-17T19:58:15.282000
20091125,RURC2L_F,FRYING PAN - RUEDI RES. NR BASALT,1.4,36.0,90.3,6890.0,803.0,100.0,2017-03-17T19:58:42.613000
20091126,RURC2L_F,FRYING PAN - RUEDI RES. NR BASALT,1.6,42.0,90.3,7885.0,1898.0,100.0,2017-03-17T19:59:09.397000
20091127,RURC2L_F,FRYING PAN - RUEDI RES. NR BASALT,1.6,41.0,90.3,7754.0,1824.0,100.0,2017-03-17T19:59:36.150000
20091128,RURC2L_F,FRYING PAN - RUEDI RES. NR BASALT,1.6,40.0,90.3,7534.0,1739.0,100.0,2017-03-17T20:00:03.606000
20091129,RURC2L_F,FRYING PAN - RUEDI RES. NR BASALT,1.5,39.0,90.3,7441.0,1713.0,100.0,2017-03-17T20:00:32.109000
20091130,RURC2L_F,FRYING PAN - RUEDI RES. NR BASALT,1.5,39.0,90.3,7392.0,1702.0,100.0,2017-03-17T20:00:59.644000
20091201,RURC2L_F,FRYING PAN - RUEDI RES. NR BASALT,1.5,39.0,90.3,7300.0,359.0,100.0,2017-03-17T20:01:27.365000
20091202,RURC2L_F,FRYING PAN - RUEDI RES. NR BASALT,1.5,38.0,90.3,7201.0,311.0,100.0,2017-03-17T20:01:55.884000
20091203,RURC2L_F,FRYING PAN - RUEDI RES. NR BASALT,1.6,40.0,90.3,7639.0,-246.0,100.0,2017-03-17T20:02:24.981000
20091204,RURC2L_F,FRYING PAN - RUEDI RES. NR BASALT,1.6,40.0,90.3,7618.0,-136.0,100.0,2017-03-17T20:02:54.344000
20091205,RURC2L_F,FRYING PAN - RUEDI RES. NR BASALT,1.6,40.0,90.3,7562.0,28.0,100.0,2017-03-17T20:03:24.128000
20091206,RURC2L_F,FRYING PAN - RUEDI RES. NR BASALT,1.5,39.0,90.3,7421.0,-20.0,100.0,2017-03-17T20:03:55.381000
20091207,RURC2L_F,FRYING PAN - RUEDI RES. NR BASALT,1.7,44.0,90.3,8287.0,895.0,100.0,2017-03-17T20:04:26.885000
20091208,RURC2L_F,FRYING PAN - RUEDI RES. NR BASALT,2.0,52.0,90.3,9823.0,2523.0,100.0,2017-03-17T20:05:00.576000
20091209,RURC2L_F,FRYING PAN - RUEDI RES. NR BASALT,2.8,72.0,90.3,13717.0,6516.0,100.0,2017-03-17T20:05:35.173000
20091210,RURC2L_F,FRYING PAN - RUEDI RES. NR BASALT,2.9,73.0,90.3,13862.0,6223.0,100.0,2017-03-17T20:06:09.427000
20091211,RURC2L_F,FRYING PAN - RUEDI RES. NR BASALT,2.6,66.0,90.3,12575.0,4957.0,100.0,2017-03-17T20:06:44.181000
20091212,RURC2L_F,FRYING PAN - RUEDI RES. NR BASALT,2.6,66.0,90.3,12463.0,4901.0,100.0,2017-03-17T20:07:19.731000
20091213,RURC2L_F,FRYING PAN - RUEDI RES. NR BASALT,2.7,69.0,90.3,13051.0,5630.0,100.0,2017-03-17T20:07:56.063000
20091214,RURC2L_F,FRYING PAN - RUEDI RES. NR BASALT,3.5,89.0,90.3,16929.0,8642.0,100.0,2017-03-17T20:08:32.208000
20091215,RURC2L_F,FRYING PAN - RUEDI RES. NR BASALT,3.6,92.0,90.3,17403.0,7580.0,100.0,2017-03-17T20:09:07.274000
20091216,RURC2L_F,FRYING PAN - RUEDI RES. NR BASALT,3.6,91.0,90.3,17295.0,3578.0,100.0,2017-03-17T20:09:43.216000
20091217,RURC2L_F,FRYING PAN - RUEDI RES. NR BASALT,3.6,91.0,90.3,17179.0,3317.0,100.0,2017-03-17T20:10:19.126000
20091218,RURC2L_F,FRYING PAN - RUEDI RES. NR BASALT,3.6,91.0,90.3,17272.0,4697.0,100.0,2017-03-17T20:10:53.707000
20091219,RURC2L_F,FRYING PAN - RUEDI RES. NR BASALT,3.6,91.0,90.3,17241.0,4778.0,100.0,2017-03-17T20:11:29.102000
20091220,RURC2L_F,FRYING PAN - RUEDI RES. NR BASALT,3.6,91.0,90.3,17167.0,4116.0,100.0,2017-03-17T20:12:08.356000
20091221,RURC2L_F,FRYING PAN - RUEDI RES. NR BASALT,3.5,90.0,90.3,17060.0,131.0,100.0,2017-03-17T20:12:44.157000
20091222,RURC2L_F,FRYING PAN - RUEDI RES. NR BASALT,3.5,89.0,90.3,16918.0,-485.0,100.0,2017-03-17T20:13:20.880000
20091223,RURC2L_F,FRYING PAN - RUEDI RES. NR BASALT,3.6,91.0,90.3,17190.0,-105.0,100.0,2017-03-17T20:13:57.649000
20091224,RURC2L_F,FRYING PAN - RUEDI RES. NR BASALT,3.8,96.0,90.3,18169.0,990.0,100.0,2017-03-17T20:14:35.950000
20091225,RURC2L_F,FRYING PAN - RUEDI RES. NR BASALT,3.8,98.0,90.3,18505.0,1233.0,100.0,2017-03-17T20:15:14.783000
20091226,RURC2L_F,FRYING PAN - RUEDI RES. NR BASALT,3.9,99.0,90.3,18813.0,1572.0,100.0,2017-03-17T20:15:53.990000
20091227,RURC2L_F,FRYING PAN - RUEDI RES. NR BASALT,3.9,100.0,90.3,18972.0,1805.0,100.0,2017-03-17T20:16:32.651000
20091228,RURC2L_F,FRYING PAN - RUEDI RES. NR BASALT,3.9,100.0,90.3,18998.0,1938.0,100.0,2017-03-17T20:17:10.045000
20091229,RURC2L_F,FRYING PAN - RUEDI RES. NR BASALT,3.9,100.0,90.3,18956.0,2038.0,100.0,2017-03-17T20:17:47.752000
20091230,RURC2L_F,FRYING PAN - RUEDI RES. NR BASALT,4.0,102.0,90.3,19386.0,2196.0,100.0,2017-03-17T20:18:27.319000
20091231,RURC2L_F,FRYING PAN - RUEDI RES. NR BASALT,4.3,109.0,90.3,20670.0,2501.0,100.0,2017-03-17T20:19:05.886000
20100101,RURC2L_F,FRYING PAN - RUEDI RES. NR BASALT,4.2,107.0,90.3,20291.0,1786.0,100.0,2017-03-17T20:19:45.031000
20100102,RURC2L_F,FRYING PAN - RUEDI RES. NR BASALT,4.2,107.0,90.3,20230.0,1417.0,100.0,2017-03-17T20:20:25.894000
20100103,RURC2L_F,FRYING PAN - RUEDI RES. NR BASALT,4.4,111.0,90.3,20983.0,2011.0,100.0,2017-03-17T20:21:03.695000
20100104,RURC2L_F,FRYING PAN - RUEDI RES. NR BASALT,4.4,111.0,90.3,21046.0,2048.0,100.0,2017-03-17T20:21:41.371000
20100105,RURC2L_F,FRYING PAN - RUEDI RES. NR BASALT,4.4,111.0,90.3,20997.0,2041.0,100.0,2017-03-17T20:22:19.032000
20100106,RURC2L_F,FRYING PAN - RUEDI RES. NR BASALT,4.3,110.0,90.3,20910.0,1524.0,100.0,2017-03-17T20:22:57.458000
20100107,RURC2L_F,FRYING PAN - RUEDI RES. NR BASALT,4.6,117.0,90.3,22215.0,1545.0,100.0,2017-03-17T20:23:35.462000
20100108,RURC2L_F,FRYING PAN - RUEDI RES. NR BASALT,4.6,117.0,90.3,22194.0,1903.0,100.0,2017-03-17T20:24:13.716000
20100109,RURC2L_F,FRYING PAN - RUEDI RES. NR BASALT,4.6,117.0,90.3,22124.0,1894.0,100.0,2017-03-17T20:24:51.954000
20100110,RURC2L_F,FRYING PAN - RUEDI RES. NR BASALT,4.6,116.0,90.3,22033.0,1050.0,100.0,2017-03-17T20:25:30.677000
20100111,RURC2L_F,FRYING PAN - RUEDI RES. NR BASALT,4.6,116.0,90.3,21967.0,921.0,100.0,2017-03-17T20:26:09.150000
20100112,RURC2L_F,FRYING PAN - RUEDI RES. NR BASALT,4.5,115.0,90.3,21870.0,873.0,100.0,2017-03-17T20:26:47.654000
20100113,RURC2L_F,FRYING PAN - RUEDI RES. NR BASALT,4.5,115.0,90.3,21719.0,809.0,100.0,2017-03-17T20:27:26.674000
20100114,RURC2L_F,FRYING PAN - RUEDI RES. NR BASALT,4.5,114.0,90.3,21613.0,-602.0,100.0,2017-03-17T20:28:04.569000
20100115,RURC2L_F,FRYING PAN - RUEDI RES. NR BASALT,4.5,114.0,90.3,21561.0,-633.0,100.0,2017-03-17T20:28:41.885000
20100116,RURC2L_F,FRYING PAN - RUEDI RES. NR BASALT,4.5,113.0,90.3,21500.0,-624.0,100.0,2017-03-17T20:29:18.139000
20100117,RURC2L_F,FRYING PAN - RUEDI RES. NR BASALT,4.4,113.0,90.3,21417.0,-616.0,100.0,2017-03-17T20:29:56.659000
20100118,RURC2L_F,FRYING PAN - RUEDI RES. NR BASALT,4.4,113.0,90.3,21407.0,-560.0,100.0,2017-03-17T20:30:33.569000
20100119,RURC2L_F,FRYING PAN - RUEDI RES. NR BASALT,4.4,113.0,90.3,21401.0,-469.0,100.0,2017-03-17T20:31:09.573000
20100120,RURC2L_F,FRYING PAN - RUEDI RES. NR BASALT,4.7,118.0,90.3,22435.0,716.0,100.0,2017-03-17T20:31:45.780000
20100121,RURC2L_F,FRYING PAN - RUEDI RES. NR BASALT,4.8,122.0,90.3,23132.0,1519.0,100.0,2017-03-17T20:32:23.941000
20100122,RURC2L_F,FRYING PAN - RUEDI RES. NR BASALT,5.0,127.0,90.3,24010.0,2449.0,100.0,2017-03-17T20:33:02.148000
20100123,RURC2L_F,FRYING PAN - RUEDI RES. NR BASALT,5.5,141.0,90.3,26673.0,5173.0,100.0,2017-03-17T20:33:39.965000
20100124,RURC2L_F,FRYING PAN - RUEDI RES. NR BASALT,6.0,152.0,90.3,28776.0,7359.0,100.0,2017-03-17T20:34:17.531000
20100125,RURC2L_F,FRYING PAN - RUEDI RES. NR BASALT,6.2,156.0,90.3,29648.0,8241.0,100.0,2017-03-17T20:34:55.817000
20100126,RURC2L_F,FRYING PAN - RUEDI RES. NR BASALT,5.8,147.0,90.3,27949.0,6548.0,100.0,2017-03-17T20:35:34.258000
20100127,RURC2L_F,FRYING PAN - RUEDI RES. NR BASALT,5.9,149.0,90.3,28193.0,5758.0,100.0,2017-03-17T20:36:11.215000
20100128,RURC2L_F,FRYING PAN - RUEDI RES. NR BASALT,6.1,154.0,90.3,29142.0,6010.0,100.0,2017-03-17T20:36:49.704000
20100129,RURC2L_F,FRYING PAN - RUEDI RES. NR BASALT,6.1,154.0,90.3,29152.0,5142.0,100.0,2017-03-17T20:37:28.302000
20100130,RURC2L_F,FRYING PAN - RUEDI RES. NR BASALT,6.1,154.0,90.3,29139.0,2466.0,100.0,2017-03-17T20:38:07.040000
20100131,RURC2L_F,FRYING PAN - RUEDI RES. NR BASALT,6.0,153.0,90.3,29093.0,317.0,100.0,2017-03-17T20:38:46.716000
20100201,RURC2L_F,FRYING PAN - RUEDI RES. NR BASALT,6.1,155.0,90.3,29301.0,-347.0,100.0,2017-03-17T20:39:25.736000
20100202,RURC2L_F,FRYING PAN - RUEDI RES. NR BASALT,6.2,156.0,90.3,29615.0,1666.0,100.0,2017-03-17T20:40:05.835000
20100203,RURC2L_F,FRYING PAN - RUEDI RES. NR BASALT,6.1,156.0,90.3,29548.0,1355.0,100.0,2017-03-17T20:40:45.167000
20100204,RURC2L_F,FRYING PAN - RUEDI RES. NR BASALT,6.2,156.0,90.3,29624.0,482.0,100.0,2017-03-17T20:41:24.577000
20100205,RURC2L_F,FRYING PAN - RUEDI RES. NR BASALT,6.3,160.0,90.3,30402.0,1250.0,100.0,2017-03-17T20:42:06.097000
20100206,RURC2L_F,FRYING PAN - RUEDI RES. NR BASALT,6.3,161.0,90.3,30433.0,1294.0,100.0,2017-03-17T20:42:47.102000
20100207,RURC2L_F,FRYING PAN - RUEDI RES. NR BASALT,6.5,164.0,90.3,31163.0,2070.0,100.0,2017-03-17T20:43:26.637000
20100208,RURC2L_F,FRYING PAN - RUEDI RES. NR BASALT,6.6,168.0,90.3,31933.0,2632.0,100.0,2017-03-17T20:44:06.298000
20100209,RURC2L_F,FRYING PAN - RUEDI RES. NR BASALT,6.7,169.0,90.3,32059.0,2444.0,100.0,2017-03-17T20:44:45.740000
20100210,RURC2L_F,FRYING PAN - RUEDI RES. NR BASALT,6.7,169.0,90.3,32030.0,2482.0,100.0,2017-03-17T20:45:25.447000
20100211,RURC2L_F,FRYING PAN - RUEDI RES. NR BASALT,6.7,170.0,90.3,32226.0,2602.0,100.0,2017-03-17T20:46:05.796000
20100212,RURC2L_F,FRYING PAN - RUEDI RES. NR BASALT,6.8,172.0,90.3,32586.0,2184.0,100.0,2017-03-17T20:46:46.753000
20100213,RURC2L_F,FRYING PAN - RUEDI RES. NR BASALT,6.9,175.0,90.3,33161.0,2728.0,100.0,2017-03-17T20:47:28.680000
20100214,RURC2L_F,FRYING PAN - RUEDI RES. NR BASALT,7.2,183.0,90.3,34689.0,3526.0,100.0,2017-03-17T20:48:10.762000
20100215,RURC2L_F,FRYING PAN - RUEDI RES. NR BASALT,7.2,184.0,90.3,34857.0,2924.0,100.0,2017-03-17T20:48:51.454000
20100216,RURC2L_F,FRYING PAN - RUEDI RES. NR BASALT,7.3,184.0,90.3,34965.0,2906.0,100.0,2017-03-17T20:49:31.427000
20100217,RURC2L_F,FRYING PAN - RUEDI RES. NR BASALT,7.3,185.0,90.3,35119.0,3089.0,100.0,2017-03-17T20:50:10.900000
20100218,RURC2L_F,FRYING PAN - RUEDI RES. NR BASALT,7.4,188.0,90.3,35714.0,3488.0,100.0,2017-03-17T20:50:50.201000
20100219,RURC2L_F,FRYING PAN - RUEDI RES. NR BASALT,7.7,195.0,90.3,36916.0,4330.0,100.0,2017-03-17T20:51:29.049000
20100220,RURC2L_F,FRYING PAN - RUEDI RES. NR BASALT,8.0,203.0,90.3,38460.0,5299.0,100.0,2017-03-17T20:52:07.319000
20100221,RURC2L_F,FRYING PAN - RUEDI RES. NR BASALT,8.7,221.0,90.3,41835.0,7146.0,100.0,2017-03-17T20:52:45.932000
20100222,RURC2L_F,FRYING PAN - RUEDI RES. NR BASALT,9.3,236.0,90.3,44657.0,9800.0,100.0,2017-03-17T20:53:25.093000
20100223,RURC2L_F,FRYING PAN - RUEDI RES. NR BASALT,9.5,242.0,90.3,45785.0,10820.0,100.0,2017-03-17T20:54:05.050000
20100224,RURC2L_F,FRYING PAN - RUEDI RES. NR BASALT,8.7,220.0,90.3,41723.0,6604.0,100.0,2017-03-17T20:54:45.742000
20100225,RURC2L_F,FRYING PAN - RUEDI RES. NR BASALT,8.7,220.0,90.3,41727.0,6013.0,100.0,2017-03-17T20:55:28.575000
20100226,RURC2L_F,FRYING PAN - RUEDI RES. NR BASALT,8.9,225.0,90.3,42711.0,5795.0,100.0,2017-03-17T20:56:09.220000
20100227,RURC2L_F,FRYING PAN - RUEDI RES. NR BASALT,9.0,229.0,90.3,43467.0,5007.0,100.0,2017-03-17T20:56:48.959000
20100228,RURC2L_F,FRYING PAN - RUEDI RES. NR BASALT,9.0,229.0,90.3,43346.0,1511.0,100.0,2017-03-17T20:57:28.650000
20100301,RURC2L_F,FRYING PAN - RUEDI RES. NR BASALT,9.1,230.0,90.3,43611.0,-1046.0,100.0,2017-03-17T20:58:06.311000
20100302,RURC2L_F,FRYING PAN - RUEDI RES. NR BASALT,9.1,230.0,90.3,43628.0,-2157.0,100.0,2017-03-17T20:58:44.862000
20100303,RURC2L_F,FRYING PAN - RUEDI RES. NR BASALT,9.0,230.0,90.3,43554.0,1831.0,100.0,2017-03-17T20:59:24.319000
20100304,RURC2L_F,FRYING PAN - RUEDI RES. NR BASALT,9.1,230.0,90.3,43600.0,1873.0,100.0,2017-03-17T21:00:02.573000
20100305,RURC2L_F,FRYING PAN - RUEDI RES. NR BASALT,9.0,229.0,90.3,43384.0,673.0,100.0,2017-03-17T21:00:41.609000
20100306,RURC2L_F,FRYING PAN - RUEDI RES. NR BASALT,9.3,235.0,90.3,44606.0,1139.0,100.0,2017-03-17T21:01:18.347000
20100307,RURC2L_F,FRYING PAN - RUEDI RES. NR BASALT,9.3,236.0,90.3,44641.0,1295.0,100.0,2017-03-17T21:01:54.929000
20100308,RURC2L_F,FRYING PAN - RUEDI RES. NR BASALT,9.3,236.0,90.3,44711.0,1100.0,100.0,2017-03-17T21:02:31.636000
20100309,RURC2L_F,FRYING PAN - RUEDI RES. NR BASALT,9.6,244.0,90.3,46272.0,2644.0,100.0,2017-03-17T21:03:08.890000
20100310,RURC2L_F,FRYING PAN - RUEDI RES. NR BASALT,9.7,247.0,90.3,46872.0,3318.0,100.0,2017-03-17T21:03:46.285000
20100311,RURC2L_F,FRYING PAN - RUEDI RES. NR BASALT,10.0,253.0,90.3,47989.0,4389.0,100.0,2017-03-17T21:04:27.242000
20100312,RURC2L_F,FRYING PAN - RUEDI RES. NR BASALT,10.0,254.0,90.3,48067.0,4683.0,100.0,2017-03-17T21:05:07.653000
20100313,RURC2L_F,FRYING PAN - RUEDI RES. NR BASALT,10.0,253.0,90.3,48014.0,3408.0,100.0,2017-03-17T21:05:45.485000
20100314,RURC2L_F,FRYING PAN - RUEDI RES. NR BASALT,9.9,252.0,90.3,47812.0,3171.0,100.0,2017-03-17T21:06:23.552000
20100315,RURC2L_F,FRYING PAN - RUEDI RES. NR BASALT,10.0,254.0,90.3,48166.0,3455.0,100.0,2017-03-17T21:06:59.227000
20100316,RURC2L_F,FRYING PAN - RUEDI RES. NR BASALT,10.0,253.0,90.3,47984.0,1712.0,100.0,2017-03-17T21:07:34.575000
20100317,RURC2L_F,FRYING PAN - RUEDI RES. NR BASALT,9.9,252.0,90.3,47757.0,885.0,100.0,2017-03-17T21:08:07.750000
20100318,RURC2L_F,FRYING PAN - RUEDI RES. NR BASALT,9.8,250.0,90.3,47386.0,-603.0,100.0,2017-03-17T21:08:40.832000
20100319,RURC2L_F,FRYING PAN - RUEDI RES. NR BASALT,9.8,248.0,90.3,46948.0,-1119.0,100.0,2017-03-17T21:09:13.523000
20100320,RURC2L_F,FRYING PAN - RUEDI RES. NR BASALT,10.4,264.0,90.3,49960.0,1946.0,100.0,2017-03-17T21:09:47.902000
20100321,RURC2L_F,FRYING PAN - RUEDI RES. NR BASALT,10.4,263.0,90.3,49890.0,2078.0,100.0,2017-03-17T21:10:22.609000
20100322,RURC2L_F,FRYING PAN - RUEDI RES. NR BASALT,10.3,262.0,90.3,49756.0,1590.0,100.0,2017-03-17T21:10:58.925000
20100323,RURC2L_F,FRYING PAN - RUEDI RES. NR BASALT,10.3,261.0,90.3,49403.0,1419.0,100.0,2017-03-17T21:11:31.538000
20100324,RURC2L_F,FRYING PAN - RUEDI RES. NR BASALT,10.6,269.0,90.3,50999.0,3242.0,100.0,2017-03-17T21:12:01.604000
20100325,RURC2L_F,FRYING PAN - RUEDI RES. NR BASALT,10.6,270.0,90.3,51127.0,3741.0,100.0,2017-03-17T21:12:32.279000
20100326,RURC2L_F,FRYING PAN - RUEDI RES. NR BASALT,10.5,267.0,90.3,50559.0,3611.0,100.0,2017-03-17T21:13:03.126000
20100327,RURC2L_F,FRYING PAN - RUEDI RES. NR BASALT,11.1,282.0,90.3,53383.0,3423.0,100.0,2017-03-17T21:13:35.255000
20100328,RURC2L_F,FRYING PAN - RUEDI RES. NR BASALT,11.2,285.0,90.3,53990.0,4100.0,100.0,2017-03-17T21:14:05.555000
20100329,RURC2L_F,FRYING PAN - RUEDI RES. NR BASALT,11.2,284.0,90.3,53857.0,4101.0,100.0,2017-03-17T21:14:34.808000
20100330,RURC2L_F,FRYING PAN - RUEDI RES. NR BASALT,11.1,282.0,90.3,53389.0,3986.0,100.0,2017-03-17T21:15:04.670000
20100331,RURC2L_F,FRYING PAN - RUEDI RES. NR BASALT,10.8,276.0,90.3,52233.0,1234.0,100.0,2017-03-17T21:15:34.345000
20100401,RURC2L_F,FRYING PAN - RUEDI RES. NR BASALT,10.5,266.0,90.3,50506.0,-621.0,100.0,2017-03-17T21:16:05.161000
20100402,RURC2L_F,FRYING PAN - RUEDI RES. NR BASALT,10.7,271.0,90.3,51385.0,826.0,100.0,2017-03-17T21:16:35.665000
20100403,RURC2L_F,FRYING PAN - RUEDI RES. NR BASALT,10.7,271.0,90.3,51368.0,-2015.0,100.0,2017-03-17T21:17:06.793000
20100404,RURC2L_F,FRYING PAN - RUEDI RES. NR BASALT,10.9,278.0,90.3,52624.0,-1366.0,100.0,2017-03-17T21:17:37.453000
20100405,RURC2L_F,FRYING PAN - RUEDI RES. NR BASALT,11.0,280.0,90.3,53168.0,-689.0,100.0,2017-03-17T21:18:07.581000
20100406,RURC2L_F,FRYING PAN - RUEDI RES. NR BASALT,11.3,288.0,90.3,54534.0,1145.0,100.0,2017-03-17T21:18:38.287000
20100407,RURC2L_F,FRYING PAN - RUEDI RES. NR BASALT,11.8,301.0,90.3,57010.0,4777.0,100.0,2017-03-17T21:19:08.556000
20100408,RURC2L_F,FRYING PAN - RUEDI RES. NR BASALT,12.0,304.0,90.3,57689.0,7183.0,100.0,2017-03-17T21:19:37.997000
20100409,RURC2L_F,FRYING PAN - RUEDI RES. NR BASALT,11.7,298.0,90.3,56538.0,5153.0,100.0,2017-03-17T21:20:07.516000
20100410,RURC2L_F,FRYING PAN - RUEDI RES. NR BASALT,11.6,295.0,90.3,55879.0,4511.0,100.0,2017-03-17T21:20:35.550000
20100411,RURC2L_F,FRYING PAN - RUEDI RES. NR BASALT,11.4,289.0,90.3,54754.0,2130.0,100.0,2017-03-17T21:21:02.787000
20100412,RURC2L_F,FRYING PAN - RUEDI RES. NR BASALT,11.0,278.0,90.3,52768.0,-400.0,100.0,2017-03-17T21:21:30.275000
20100413,RURC2L_F,FRYING PAN - RUEDI RES. NR BASALT,10.0,253.0,90.3,47910.0,-6624.0,100.0,2017-03-17T21:21:58.450000
20100414,RURC2L_F,FRYING PAN - RUEDI RES. NR BASALT,9.8,248.0,90.3,47044.0,-9966.0,100.0,2017-03-17T21:22:26.984000
20100415,RURC2L_F,FRYING PAN - RUEDI RES. NR BASALT,9.5,243.0,90.3,45978.0,-11711.0,100.0,2017-03-17T21:22:55.065000
20100416,RURC2L_F,FRYING PAN - RUEDI RES. NR BASALT,9.1,232.0,90.3,43944.0,-12594.0,100.0,2017-03-17T21:23:22.631000
20100417,RURC2L_F,FRYING PAN - RUEDI RES. NR BASALT,8.5,216.0,90.3,41020.0,-14859.0,100.0,2017-03-17T21:23:50.134000
20100418,RURC2L_F,FRYING PAN - RUEDI RES. NR BASALT,8.2,207.0,90.3,39304.0,-15450.0,99.36,2017-03-17T21:24:17.793000
20100419,RURC2L_F,FRYING PAN - RUEDI RES. NR BASALT,7.7,197.0,90.3,37308.0,-15460.0,98.9,2017-03-17T21:24:44.264000
20100420,RURC2L_F,FRYING PAN - RUEDI RES. NR BASALT,7.2,182.0,90.3,34435.0,-13475.0,97.98,2017-03-17T21:25:11.924000
20100421,RURC2L_F,FRYING PAN - RUEDI RES. NR BASALT,6.7,170.0,90.3,32262.0,-14782.0,96.79,2017-03-17T21:25:38.630000
20100422,RURC2L_F,FRYING PAN - RUEDI RES. NR BASALT,6.1,155.0,90.3,29369.0,-16609.0,94.68,2017-03-17T21:26:08.477000
20100423,RURC2L_F,FRYING PAN - RUEDI RES. NR BASALT,6.0,152.0,90.3,28736.0,-15208.0,100.0,2017-03-17T21:26:38.636000
20100424,RURC2L_F,FRYING PAN - RUEDI RES. NR BASALT,6.6,168.0,90.3,31874.0,-9146.0,100.0,2017-03-17T21:27:07.577000
20100425,RURC2L_F,FRYING PAN - RUEDI RES. NR BASALT,6.7,170.0,90.3,32308.0,-6996.0,100.0,2017-03-17T21:27:37.799000
20100426,RURC2L_F,FRYING PAN - RUEDI RES. NR BASALT,6.6,168.0,90.3,31844.0,-5464.0,100.0,2017-03-17T21:28:04.583000
20100427,RURC2L_F,FRYING PAN - RUEDI RES. NR BASALT,6.4,162.0,90.3,30639.0,-3796.0,100.0,2017-03-17T21:28:32.586000
20100428,RURC2L_F,FRYING PAN - RUEDI RES. NR BASALT,6.0,152.0,90.3,28885.0,-3377.0,92.84,2017-03-17T21:28:59.855000
20100429,RURC2L_F,FRYING PAN - RUEDI RES. NR BASALT,5.6,141.0,90.3,26807.0,-2562.0,85.78,2017-03-17T21:29:28.249000
20100430,RURC2L_F,FRYING PAN - RUEDI RES. NR BASALT,5.9,149.0,90.3,28175.0,-561.0,100.0,2017-03-17T21:29:57.143000
20100501,RURC2L_F,FRYING PAN - RUEDI RES. NR BASALT,6.5,164.0,90.3,31063.0,-811.0,100.0,2017-03-17T21:30:27.287000
20100502,RURC2L_F,FRYING PAN - RUEDI RES. NR BASALT,6.5,164.0,90.3,31108.0,-1200.0,100.0,2017-03-17T21:30:56.305000
20100503,RURC2L_F,FRYING PAN - RUEDI RES. NR BASALT,6.6,167.0,90.3,31734.0,-110.0,100.0,2017-03-17T21:31:24.668000
20100504,RURC2L_F,FRYING PAN - RUEDI RES. NR BASALT,6.5,166.0,90.3,31523.0,884.0,100.0,2017-03-17T21:31:52.530000
20100505,RURC2L_F,FRYING PAN - RUEDI RES. NR BASALT,6.2,158.0,90.3,29913.0,1028.0,100.0,2017-03-17T21:32:19.455000
20100506,RURC2L_F,FRYING PAN - RUEDI RES. NR BASALT,5.6,143.0,90.3,27118.0,311.0,88.81,2017-03-17T21:32:48.427000
20100507,RURC2L_F,FRYING PAN - RUEDI RES. NR BASALT,5.3,135.0,90.3,25567.0,-2608.0,83.21,2017-03-17T21:33:17.008000
20100508,RURC2L_F,FRYING PAN - RUEDI RES. NR BASALT,5.6,141.0,90.3,26737.0,-4326.0,97.71,2017-03-17T21:33:45.339000
20100509,RURC2L_F,FRYING PAN - RUEDI RES. NR BASALT,5.2,132.0,90.3,25111.0,-5997.0,82.84,2017-03-17T21:34:12.889000
20100510,RURC2L_F,FRYING PAN - RUEDI RES. NR BASALT,4.7,119.0,90.3,22478.0,-9256.0,78.44,2017-03-17T21:34:40.001000
20100511,RURC2L_F,FRYING PAN - RUEDI RES. NR BASALT,4.4,112.0,90.3,21180.0,-10343.0,77.89,2017-03-17T21:35:07.707000
20100512,RURC2L_F,FRYING PAN - RUEDI RES. NR BASALT,4.1,105.0,90.3,19937.0,-9976.0,96.88,2017-03-17T21:35:35.757000
20100513,RURC2L_F,FRYING PAN - RUEDI RES. NR BASALT,4.1,105.0,90.3,19845.0,-7273.0,100.0,2017-03-17T21:36:03.213000
20100514,RURC2L_F,FRYING PAN - RUEDI RES. NR BASALT,4.2,107.0,90.3,20327.0,-5240.0,99.27,2017-03-17T21:36:30.920000
20100515,RURC2L_F,FRYING PAN - RUEDI RES. NR BASALT,4.0,101.0,90.3,19061.0,-7676.0,84.5,2017-03-17T21:36:57.501000
20100516,RURC2L_F,FRYING PAN - RUEDI RES. NR BASALT,3.8,96.0,90.3,18246.0,-6865.0,77.89,2017-03-17T21:37:24.253000
20100517,RURC2L_F,FRYING PAN - RUEDI RES. NR BASALT,3.6,90.0,90.3,17146.0,-5332.0,75.05,2017-03-17T21:37:50.459000
20100518,RURC2L_F,FRYING PAN - RUEDI RES. NR BASALT,3.2,81.0,90.3,15340.0,-5840.0,72.2,2017-03-17T21:38:17.165000
20100519,RURC2L_F,FRYING PAN - RUEDI RES. NR BASALT,2.8,71.0,90.3,13523.0,-6414.0,69.72,2017-03-17T21:38:42.903000
20100520,RURC2L_F,FRYING PAN - RUEDI RES. NR BASALT,2.8,71.0,90.3,13423.0,-6422.0,86.33,2017-03-17T21:39:08.952000
20100521,RURC2L_F,FRYING PAN - RUEDI RES. NR BASALT,2.7,69.0,90.3,13143.0,-7184.0,67.61,2017-03-17T21:39:35.627000
20100522,RURC2L_F,FRYING PAN - RUEDI RES. NR BASALT,2.1,53.0,90.3,10130.0,-8931.0,60.18,2017-03-17T21:40:01.895000
20100523,RURC2L_F,FRYING PAN - RUEDI RES. NR BASALT,1.6,41.0,90.3,7844.0,-10402.0,50.73,2017-03-17T21:40:29.539000
20100524,RURC2L_F,FRYING PAN - RUEDI RES. NR BASALT,1.3,33.0,90.3,6204.0,-10942.0,44.86,2017-03-17T21:40:56.964000
20100525,RURC2L_F,FRYING PAN - RUEDI RES. NR BASALT,1.3,33.0,90.3,6282.0,-9058.0,82.39,2017-03-17T21:41:24.983000
20100526,RURC2L_F,FRYING PAN - RUEDI RES. NR BASALT,1.3,33.0,90.3,6179.0,-7344.0,52.11,2017-03-17T21:41:51.376000
20100527,RURC2L_F,FRYING PAN - RUEDI RES. NR BASALT,0.9,23.0,90.3,4443.0,-8980.0,38.72,2017-03-17T21:42:16.988000
20100528,RURC2L_F,FRYING PAN - RUEDI RES. NR BASALT,0.6,16.0,90.3,3123.0,-10020.0,29.82,2017-03-17T21:42:42.569000
20100529,RURC2L_F,FRYING PAN - RUEDI RES. NR BASALT,0.5,11.0,90.3,2173.0,-7957.0,22.75,2017-03-17T21:43:08.760000
20100530,RURC2L_F,FRYING PAN - RUEDI RES. NR BASALT,0.4,9.0,90.3,1685.0,-6159.0,21.01,2017-03-17T21:43:34.528000
20100531,RURC2L_F,FRYING PAN - RUEDI RES. NR BASALT,0.3,8.0,90.3,1437.0,-4767.0,19.36,2017-03-17T21:44:00.750000
20100601,RURC2L_F,FRYING PAN - RUEDI RES. NR BASALT,0.2,6.0,90.3,1169.0,-5113.0,16.51,2017-03-17T21:44:26.440000
20100602,RURC2L_F,FRYING PAN - RUEDI RES. NR BASALT,0.2,5.0,90.3,921.0,-5258.0,14.31,2017-03-17T21:44:52.677000
20100603,RURC2L_F,FRYING PAN - RUEDI RES. NR BASALT,0.2,4.0,90.3,746.0,-3697.0,11.38,2017-03-17T21:45:18.618000
20100604,RURC2L_F,FRYING PAN - RUEDI RES. NR BASALT,0.1,3.0,90.3,575.0,-2548.0,7.43,2017-03-17T21:45:45.074000
20100605,RURC2L_F,FRYING PAN - RUEDI RES. NR BASALT,0.1,2.0,90.3,435.0,-1738.0,5.69,2017-03-17T21:46:10.326000
20100606,RURC2L_F,FRYING PAN - RUEDI RES. NR BASALT,0.1,2.0,90.3,300.0,-1385.0,4.59,2017-03-17T21:46:35.360000
20100607,RURC2L_F,FRYING PAN - RUEDI RES. NR BASALT,0.0,1.0,90.3,185.0,-1252.0,3.94,2017-03-17T21:47:00.222000
20100608,RURC2L_F,FRYING PAN - RUEDI RES. NR BASALT,0.0,1.0,90.3,99.0,-1070.0,2.94,2017-03-17T21:47:25.147000
20100609,RURC2L_F,FRYING PAN - RUEDI RES. NR BASALT,0.0,0.0,90.3,39.0,-882.0,2.57,2017-03-17T21:47:50.165000
20100610,RURC2L_F,FRYING PAN - RUEDI RES. NR BASALT,0.0,0.0,90.3,2.0,-744.0,0.64,2017-03-17T21:48:15.543000
20100611,RURC2L_F,FRYING PAN - RUEDI RES. NR BASALT,0.0,0.0,90.3,0.0,-575.0,0.0,2017-03-17T21:48:40.499000
20100612,RURC2L_F,FRYING PAN - RUEDI RES. NR BASALT,0.0,0.0,90.3,0.0,-435.0,0.0,2017-03-17T21:49:05.892000
20100613,RURC2L_F,FRYING PAN - RUEDI RES. NR BASALT,0.0,0.0,90.3,0.0,-300.0,0.0,2017-03-17T21:49:32.380000
20100614,RURC2L_F,FRYING PAN - RUEDI RES. NR BASALT,0.0,0.0,90.3,9.0,-176.0,4.5,2017-03-17T21:49:57.476000
20100615,RURC2L_F,FRYING PAN - RUEDI RES. NR BASALT,0.0,0.0,90.3,0.0,-99.0,0.09,2017-03-17T21:50:22.541000
20100616,RURC2L_F,FRYING PAN - RUEDI RES. NR BASALT,0.0,0.0,90.3,0.0,-39.0,0.0,2017-03-17T21:50:48.997000
20100617,RURC2L_F,FRYING PAN - RUEDI RES. NR BASALT,0.0,0.0,90.3,0.0,-2.0,0.0,2017-03-17T21:51:14.063000
20100618,RURC2L_F,FRYING PAN - RUEDI RES. NR BASALT,0.0,0.0,90.3,0.0,0.0,0.0,2017-03-17T21:51:39.565000
20100619,RURC2L_F,FRYING PAN - RUEDI RES. NR BASALT,0.0,0.0,90.3,0.0,0.0,0.0,2017-03-17T21:52:04.162000
20100620,RURC2L_F,FRYING PAN - RUEDI RES. NR BASALT,0.0,0.0,90.3,0.0,0.0,0.0,2017-03-17T21:52:28.962000
20100621,RURC2L_F,FRYING PAN - RUEDI RES. NR BASALT,0.0,0.0,90.3,0.0,-9.0,0.0,2017-03-17T21:52:53.839000
20100622,RURC2L_F,FRYING PAN - RUEDI RES. NR BASALT,0.0,0.0,90.3,0.0,0.0,0.0,2017-03-17T21:53:18.545000
20100623,RURC2L_F,FRYING PAN - RUEDI RES. NR BASALT,0.0,0.0,90.3,0.0,0.0,0.0,2017-03-17T21:53:43.423000
20100624,RURC2L_F,FRYING PAN - RUEDI RES. NR BASALT,0.0,0.0,90.3,0.0,0.0,0.0,2017-03-17T21:54:07.660000
20100625,RURC2L_F,FRYING PAN - RUEDI RES. NR BASALT,0.0,0.0,90.3,0.0,0.0,0.0,2017-03-17T21:54:31.850000
20100626,RURC2L_F,FRYING PAN - RUEDI RES. NR BASALT,0.0,0.0,90.3,0.0,0.0,0.0,2017-03-17T21:54:56.306000
20100627,RURC2L_F,FRYING PAN - RUEDI RES. NR BASALT,0.0,0.0,90.3,0.0,0.0,0.0,2017-03-17T21:55:20.590000
20100628,RURC2L_F,FRYING PAN - RUEDI RES. NR BASALT,0.0,0.0,90.3,0.0,0.0,0.0,2017-03-17T21:55:45.545000
20100629,RURC2L_F,FRYING PAN - RUEDI RES. NR BASALT,0.0,0.0,90.3,0.0,0.0,0.0,2017-03-17T21:56:11.470000
20100630,RURC2L_F,FRYING PAN - RUEDI RES. NR BASALT,0.0,0.0,90.3,0.0,0.0,0.0,2017-03-17T21:56:35.613000
20100701,RURC2L_F,FRYING PAN - RUEDI RES. NR BASALT,0.0,0.0,90.3,0.0,0.0,0.0,2017-03-17T21:57:00.163000
20100702,RURC2L_F,FRYING PAN - RUEDI RES. NR BASALT,0.0,0.0,90.3,0.0,0.0,0.0,2017-03-17T21:57:24.853000
20100703,RURC2L_F,FRYING PAN - RUEDI RES. NR BASALT,0.0,0.0,90.3,0.0,0.0,0.0,2017-03-17T21:57:49.637000
20100704,RURC2L_F,FRYING PAN - RUEDI RES. NR BASALT,0.0,0.0,90.3,0.0,0.0,0.0,2017-03-17T21:58:13.655000
20100705,RURC2L_F,FRYING PAN - RUEDI RES. NR BASALT,0.0,0.0,90.3,0.0,0.0,0.0,2017-03-17T21:58:37.736000
20100706,RURC2L_F,FRYING PAN - RUEDI RES. NR BASALT,0.0,0.0,90.3,0.0,0.0,0.0,2017-03-17T21:59:01.504000
20100707,RURC2L_F,FRYING PAN - RUEDI RES. NR BASALT,0.0,0.0,90.3,0.0,0.0,0.0,2017-03-17T21:59:25.569000
20100708,RURC2L_F,FRYING PAN - RUEDI RES. NR BASALT,0.0,0.0,90.3,0.0,0.0,0.0,2017-03-17T21:59:49.322000
20100709,RURC2L_F,FRYING PAN - RUEDI RES. NR BASALT,0.0,0.0,90.3,0.0,0.0,0.0,2017-03-17T22:00:13.606000
20100710,RURC2L_F,FRYING PAN - RUEDI RES. NR BASALT,0.0,0.0,90.3,0.0,0.0,0.0,2017-03-17T22:00:37.718000
20100711,RURC2L_F,FRYING PAN - RUEDI RES. NR BASALT,0.0,0.0,90.3,0.0,0.0,0.0,2017-03-17T22:01:02.486000
20100712,RURC2L_F,FRYING PAN - RUEDI RES. NR BASALT,0.0,0.0,90.3,0.0,0.0,0.0,2017-03-17T22:01:26.661000
20100713,RURC2L_F,FRYING PAN - RUEDI RES. NR BASALT,0.0,0.0,90.3,0.0,0.0,0.0,2017-03-17T22:01:50.788000
20100714,RURC2L_F,FRYING PAN - RUEDI RES. NR BASALT,0.0,0.0,90.3,0.0,0.0,0.0,2017-03-17T22:02:15.619000
20100715,RURC2L_F,FRYING PAN - RUEDI RES. NR BASALT,0.0,0.0,90.3,0.0,0.0,0.0,2017-03-17T22:02:40.153000
20100716,RURC2L_F,FRYING PAN - RUEDI RES. NR BASALT,0.0,0.0,90.3,0.0,0.0,0.0,2017-03-17T22:03:03.906000
20100717,RURC2L_F,FRYING PAN - RUEDI RES. NR BASALT,0.0,0.0,90.3,0.0,0.0,0.0,2017-03-17T22:03:27.596000
20100718,RURC2L_F,FRYING PAN - RUEDI RES. NR BASALT,0.0,0.0,90.3,0.0,0.0,0.0,2017-03-17T22:03:51.067000
20100719,RURC2L_F,FRYING PAN - RUEDI RES. NR BASALT,0.0,0.0,90.3,0.0,0.0,0.0,2017-03-17T22:04:14.898000
20100720,RURC2L_F,FRYING PAN - RUEDI RES. NR BASALT,0.0,0.0,90.3,0.0,0.0,0.0,2017-03-17T22:04:39.322000
20100721,RURC2L_F,FRYING PAN - RUEDI RES. NR BASALT,0.0,0.0,90.3,0.0,0.0,0.0,2017-03-17T22:05:03.669000
20100722,RURC2L_F,FRYING PAN - RUEDI RES. NR BASALT,0.0,0.0,90.3,0.0,0.0,0.0,2017-03-17T22:05:28.250000
20100723,RURC2L_F,FRYING PAN - RUEDI RES. NR BASALT,0.0,0.0,90.3,0.0,0.0,0.0,2017-03-17T22:05:52.346000
20100724,RURC2L_F,FRYING PAN - RUEDI RES. NR BASALT,0.0,0.0,90.3,0.0,0.0,0.0,2017-03-17T22:06:16.036000
20100725,RURC2L_F,FRYING PAN - RUEDI RES. NR BASALT,0.0,0.0,90.3,0.0,0.0,0.0,2017-03-17T22:06:40.258000
20100726,RURC2L_F,FRYING PAN - RUEDI RES. NR BASALT,0.0,0.0,90.3,0.0,0.0,0.0,2017-03-17T22:07:04.166000
20100727,RURC2L_F,FRYING PAN - RUEDI RES. NR BASALT,0.0,0.0,90.3,0.0,0.0,0.0,2017-03-17T22:07:28.419000
20100728,RURC2L_F,FRYING PAN - RUEDI RES. NR BASALT,0.0,0.0,90.3,0.0,0.0,0.0,2017-03-17T22:07:52.218000
20100729,RURC2L_F,FRYING PAN - RUEDI RES. NR BASALT,0.0,0.0,90.3,0.0,0.0,0.0,2017-03-17T22:08:16.674000
20100730,RURC2L_F,FRYING PAN - RUEDI RES. NR BASALT,0.0,0.0,90.3,0.0,0.0,0.0,2017-03-17T22:08:40.489000
20100731,RURC2L_F,FRYING PAN - RUEDI RES. NR BASALT,0.0,0.0,90.3,0.0,0.0,0.0,2017-03-17T22:09:04.414000
20100801,RURC2L_F,FRYING PAN - RUEDI RES. NR BASALT,0.0,0.0,90.3,0.0,0.0,0.0,2017-03-17T22:09:28.088000
20100802,RURC2L_F,FRYING PAN - RUEDI RES. NR BASALT,0.0,0.0,90.3,0.0,0.0,0.0,2017-03-17T22:09:51.575000
20100803,RURC2L_F,FRYING PAN - RUEDI RES. NR BASALT,0.0,0.0,90.3,0.0,0.0,0.0,2017-03-17T22:10:15.515000
20100804,RURC2L_F,FRYING PAN - RUEDI RES. NR BASALT,0.0,0.0,90.3,0.0,0.0,0.0,2017-03-17T22:10:39.112000
20100805,RURC2L_F,FRYING PAN - RUEDI RES. NR BASALT,0.0,0.0,90.3,0.0,0.0,0.0,2017-03-17T22:11:03.442000
20100806,RURC2L_F,FRYING PAN - RUEDI RES. NR BASALT,0.0,0.0,90.3,0.0,0.0,0.0,2017-03-17T22:11:27.086000
20100807,RURC2L_F,FRYING PAN - RUEDI RES. NR BASALT,0.0,0.0,90.3,0.0,0.0,0.0,2017-03-17T22:11:51.151000
20100808,RURC2L_F,FRYING PAN - RUEDI RES. NR BASALT,0.0,0.0,90.3,0.0,0.0,0.0,2017-03-17T22:12:14.778000
20100809,RURC2L_F,FRYING PAN - RUEDI RES. NR BASALT,0.0,0.0,90.3,0.0,0.0,0.0,2017-03-17T22:12:38.562000
20100810,RURC2L_F,FRYING PAN - RUEDI RES. NR BASALT,0.0,0.0,90.3,0.0,0.0,0.0,2017-03-17T22:13:02.721000
20100811,RURC2L_F,FRYING PAN - RUEDI RES. NR BASALT,0.0,0.0,90.3,0.0,0.0,0.0,2017-03-17T22:13:27.067000
20100812,RURC2L_F,FRYING PAN - RUEDI RES. NR BASALT,0.0,0.0,90.3,0.0,0.0,0.0,2017-03-17T22:13:51.054000
20100813,RURC2L_F,FRYING PAN - RUEDI RES. NR BASALT,0.0,0.0,90.3,0.0,0.0,0.0,2017-03-17T22:14:14.947000
20100814,RURC2L_F,FRYING PAN - RUEDI RES. NR BASALT,0.0,0.0,90.3,0.0,0.0,0.0,2017-03-17T22:14:38.528000
20100815,RURC2L_F,FRYING PAN - RUEDI RES. NR BASALT,0.0,0.0,90.3,0.0,0.0,0.0,2017-03-17T22:15:02.062000
20100816,RURC2L_F,FRYING PAN - RUEDI RES. NR BASALT,0.0,0.0,90.3,0.0,0.0,0.0,2017-03-17T22:15:26.174000
20100817,RURC2L_F,FRYING PAN - RUEDI RES. NR BASALT,0.0,0.0,90.3,0.0,0.0,0.0,2017-03-17T22:15:50.020000
20100818,RURC2L_F,FRYING PAN - RUEDI RES. NR BASALT,0.0,0.0,90.3,0.0,0.0,0.0,2017-03-17T22:16:13.742000
20100819,RURC2L_F,FRYING PAN - RUEDI RES. NR BASALT,0.0,0.0,90.3,0.0,0.0,0.0,2017-03-17T22:16:37.322000
20100820,RURC2L_F,FRYING PAN - RUEDI RES. NR BASALT,0.0,0.0,90.3,0.0,0.0,0.0,2017-03-17T22:17:01.419000
20100821,RURC2L_F,FRYING PAN - RUEDI RES. NR BASALT,0.0,0.0,90.3,0.0,0.0,0.0,2017-03-17T22:17:25.046000
20100822,RURC2L_F,FRYING PAN - RUEDI RES. NR BASALT,0.0,0.0,90.3,0.0,0.0,0.0,2017-03-17T22:17:48.642000
20100823,RURC2L_F,FRYING PAN - RUEDI RES. NR BASALT,0.0,0.0,90.3,0.0,0.0,0.0,2017-03-17T22:18:12.426000
20100824,RURC2L_F,FRYING PAN - RUEDI RES. NR BASALT,0.0,0.0,90.3,0.0,0.0,0.0,2017-03-17T22:18:36.163000
20100825,RURC2L_F,FRYING PAN - RUEDI RES. NR BASALT,0.0,0.0,90.3,0.0,0.0,0.0,2017-03-17T22:18:59.431000
20100826,RURC2L_F,FRYING PAN - RUEDI RES. NR BASALT,0.0,0.0,90.3,0.0,0.0,0.0,2017-03-17T22:19:22.293000
20100827,RURC2L_F,FRYING PAN - RUEDI RES. NR BASALT,0.0,0.0,90.3,0.0,0.0,0.0,2017-03-17T22:19:45.967000
20100828,RURC2L_F,FRYING PAN - RUEDI RES. NR BASALT,0.0,0.0,90.3,0.0,0.0,0.0,2017-03-17T22:20:09.204000
20100829,RURC2L_F,FRYING PAN - RUEDI RES. NR BASALT,0.0,0.0,90.3,0.0,0.0,0.0,2017-03-17T22:20:32.848000
20100830,RURC2L_F,FRYING PAN - RUEDI RES. NR BASALT,0.0,0.0,90.3,0.0,0.0,0.0,2017-03-17T22:20:57.600000
20100831,RURC2L_F,FRYING PAN - RUEDI RES. NR BASALT,0.0,0.0,90.3,0.0,0.0,0.0,2017-03-17T22:21:21.884000
20100901,RURC2L_F,FRYING PAN - RUEDI RES. NR BASALT,0.0,0.0,90.3,0.0,0.0,0.0,2017-03-17T22:21:45.543000
20100902,RURC2L_F,FRYING PAN - RUEDI RES. NR BASALT,0.0,0.0,90.3,0.0,0.0,0.0,2017-03-17T22:22:10.030000
20100903,RURC2L_F,FRYING PAN - RUEDI RES. NR BASALT,0.0,0.0,90.3,0.0,0.0,0.0,2017-03-17T22:22:34.064000
20100904,RURC2L_F,FRYING PAN - RUEDI RES. NR BASALT,0.0,0.0,90.3,0.0,0.0,0.0,2017-03-17T22:22:57.238000
20100905,RURC2L_F,FRYING PAN - RUEDI RES. NR BASALT,0.0,0.0,90.3,0.0,0.0,0.0,2017-03-17T22:23:20.709000
20100906,RURC2L_F,FRYING PAN - RUEDI RES. NR BASALT,0.0,0.0,90.3,0.0,0.0,0.0,2017-03-17T22:23:43.618000
20100907,RURC2L_F,FRYING PAN - RUEDI RES. NR BASALT,0.0,0.0,90.3,0.0,0.0,0.0,2017-03-17T22:24:07.121000
20100908,RURC2L_F,FRYING PAN - RUEDI RES. NR BASALT,0.0,0.0,90.3,0.0,0.0,0.0,2017-03-17T22:24:31.279000
20100909,RURC2L_F,FRYING PAN - RUEDI RES. NR BASALT,0.0,0.0,90.3,0.0,0.0,0.0,2017-03-17T22:24:55.079000
20100910,RURC2L_F,FRYING PAN - RUEDI RES. NR BASALT,0.0,0.0,90.3,0.0,0.0,0.0,2017-03-17T22:25:18.910000
20100911,RURC2L_F,FRYING PAN - RUEDI RES. NR BASALT,0.0,0.0,90.3,0.0,0.0,0.0,2017-03-17T22:25:42.600000
20100912,RURC2L_F,FRYING PAN - RUEDI RES. NR BASALT,0.0,0.0,90.3,0.0,0.0,0.0,2017-03-17T22:26:06.352000
20100913,RURC2L_F,FRYING PAN - RUEDI RES. NR BASALT,0.0,0.0,90.3,0.0,0.0,0.0,2017-03-17T22:26:29.449000
20100914,RURC2L_F,FRYING PAN - RUEDI RES. NR BASALT,0.0,0.0,90.3,0.0,0.0,0.0,2017-03-17T22:26:52.357000
20100915,RURC2L_F,FRYING PAN - RUEDI RES. NR BASALT,0.0,0.0,90.3,0.0,0.0,0.0,2017-03-17T22:27:15.578000
20100916,RURC2L_F,FRYING PAN - RUEDI RES. NR BASALT,0.0,0.0,90.3,0.0,0.0,0.0,2017-03-17T22:27:38.831000
20100917,RURC2L_F,FRYING PAN - RUEDI RES. NR BASALT,0.0,0.0,90.3,0.0,0.0,0.0,2017-03-17T22:28:02.552000
20100918,RURC2L_F,FRYING PAN - RUEDI RES. NR BASALT,0.0,0.0,90.3,0.0,0.0,0.0,2017-03-17T22:28:26.070000
20100919,RURC2L_F,FRYING PAN - RUEDI RES. NR BASALT,0.0,0.0,90.3,0.0,0.0,0.0,2017-03-17T22:28:50.307000
20100920,RURC2L_F,FRYING PAN - RUEDI RES. NR BASALT,0.0,0.0,90.3,0.0,0.0,0.0,2017-03-17T22:29:14.076000
20100921,RURC2L_F,FRYING PAN - RUEDI RES. NR BASALT,0.0,0.0,90.3,0.0,0.0,0.0,2017-03-17T22:29:37.531000
20100922,RURC2L_F,FRYING PAN - RUEDI RES. NR BASALT,0.0,0.0,90.3,0.0,0.0,0.0,2017-03-17T22:30:00.846000
20100923,RURC2L_F,FRYING PAN - RUEDI RES. NR BASALT,0.0,0.0,90.3,0.0,0.0,0.0,2017-03-17T22:30:25.333000
20100924,RURC2L_F,FRYING PAN - RUEDI RES. NR BASALT,0.0,0.0,90.3,0.0,0.0,0.0,2017-03-17T22:30:49.305000
20100925,RURC2L_F,FRYING PAN - RUEDI RES. NR BASALT,0.0,0.0,90.3,0.0,0.0,0.0,2017-03-17T22:31:13.745000
20100926,RURC2L_F,FRYING PAN - RUEDI RES. NR BASALT,0.0,0.0,90.3,0.0,0.0,0.0,2017-03-17T22:31:37.591000
20100927,RURC2L_F,FRYING PAN - RUEDI RES. NR BASALT,0.0,0.0,90.3,0.0,0.0,0.0,2017-03-17T22:32:01.047000
20100928,RURC2L_F,FRYING PAN - RUEDI RES. NR BASALT,0.0,0.0,90.3,0.0,0.0,0.0,2017-03-17T22:32:24.159000
20100929,RURC2L_F,FRYING PAN - RUEDI RES. NR BASALT,0.0,0.0,90.3,0.0,0.0,0.0,2017-03-17T22:32:48.130000
20100930,RURC2L_F,FRYING PAN - RUEDI RES. NR BASALT,0.0,0.0,90.3,0.0,0.0,0.0,2017-03-17T22:33:11.476000
20101001,RURC2L_F,FRYING PAN - RUEDI RES. NR BASALT,0.0,0.0,90.3,0.0,0.0,0.0,2017-03-17T22:33:34.620000
20101002,RURC2L_F,FRYING PAN - RUEDI RES. NR BASALT,0.0,0.0,90.3,0.0,0.0,0.0,2017-03-17T22:33:57.450000
20101003,RURC2L_F,FRYING PAN - RUEDI RES. NR BASALT,0.0,0.0,90.3,0.0,0.0,0.0,2017-03-17T22:34:20.953000
20101004,RURC2L_F,FRYING PAN - RUEDI RES. NR BASALT,0.0,0.0,90.3,0.0,0.0,0.0,2017-03-17T22:34:44.862000
20101005,RURC2L_F,FRYING PAN - RUEDI RES. NR BASALT,0.0,0.0,90.3,0.0,0.0,0.0,2017-03-17T22:35:09.849000
20101006,RURC2L_F,FRYING PAN - RUEDI RES. NR BASALT,0.0,0.0,90.3,0.0,0.0,0.0,2017-03-17T22:35:32.960000
20101007,RURC2L_F,FRYING PAN - RUEDI RES. NR BASALT,0.0,0.0,90.3,0.0,0.0,0.0,2017-03-17T22:35:56.276000
20101008,RURC2L_F,FRYING PAN - RUEDI RES. NR BASALT,0.0,0.0,90.3,0.0,0.0,0.0,2017-03-17T22:36:19.888000
20101009,RURC2L_F,FRYING PAN - RUEDI RES. NR BASALT,0.0,0.0,90.3,4.0,4.0,2.2,2017-03-17T22:36:44.031000
20101010,RURC2L_F,FRYING PAN - RUEDI RES. NR BASALT,0.0,0.0,90.3,4.0,4.0,2.2,2017-03-17T22:37:07.283000
20101011,RURC2L_F,FRYING PAN - RUEDI RES. NR BASALT,0.0,0.0,90.3,1.0,1.0,0.37,2017-03-17T22:37:30.801000
20101012,RURC2L_F,FRYING PAN - RUEDI RES. NR BASALT,0.0,0.0,90.3,0.0,0.0,0.0,2017-03-17T22:37:54.273000
20101013,RURC2L_F,FRYING PAN - RUEDI RES. NR BASALT,0.0,0.0,90.3,5.0,5.0,2.39,2017-03-17T22:38:17.838000
20101014,RURC2L_F,FRYING PAN - RUEDI RES. NR BASALT,0.0,0.0,90.3,0.0,0.0,0.0,2017-03-17T22:38:40.512000
20101015,RURC2L_F,FRYING PAN - RUEDI RES. NR BASALT,0.0,0.0,90.3,0.0,0.0,0.0,2017-03-17T22:39:03.343000
20101016,RURC2L_F,FRYING PAN - RUEDI RES. NR BASALT,0.0,0.0,90.3,0.0,-4.0,0.0,2017-03-17T22:39:27.001000
20101017,RURC2L_F,FRYING PAN - RUEDI RES. NR BASALT,0.0,0.0,90.3,0.0,-4.0,0.0,2017-03-17T22:39:49.816000
20101018,RURC2L_F,FRYING PAN - RUEDI RES. NR BASALT,0.0,0.0,90.3,0.0,-1.0,0.0,2017-03-17T22:40:13.053000
20101019,RURC2L_F,FRYING PAN - RUEDI RES. NR BASALT,0.0,0.0,90.3,0.0,0.0,0.0,2017-03-17T22:40:36.493000
20101020,RURC2L_F,FRYING PAN - RUEDI RES. NR BASALT,0.0,0.0,90.3,0.0,-5.0,0.0,2017-03-17T22:40:59.777000
20101021,RURC2L_F,FRYING PAN - RUEDI RES. NR BASALT,0.0,0.0,90.3,0.0,0.0,0.0,2017-03-17T22:41:22.904000
20101022,RURC2L_F,FRYING PAN - RUEDI RES. NR BASALT,0.0,0.0,90.3,19.0,19.0,4.77,2017-03-17T22:41:46.407000
20101023,RURC2L_F,FRYING PAN - RUEDI RES. NR BASALT,0.1,2.0,90.3,383.0,383.0,79.08,2017-03-17T22:42:10.128000
20101024,RURC2L_F,FRYING PAN - RUEDI RES. NR BASALT,0.6,15.0,90.3,2797.0,2797.0,92.29,2017-03-17T22:42:34.818000
20101025,RURC2L_F,FRYING PAN - RUEDI RES. NR BASALT,0.8,22.0,90.3,4081.0,4081.0,89.54,2017-03-17T22:43:00.493000
20101026,RURC2L_F,FRYING PAN - RUEDI RES. NR BASALT,1.7,44.0,90.3,8358.0,8358.0,100.0,2017-03-17T22:43:28.043000
20101027,RURC2L_F,FRYING PAN - RUEDI RES. NR BASALT,2.1,53.0,90.3,10005.0,10005.0,100.0,2017-03-17T22:43:56.124000
20101028,RURC2L_F,FRYING PAN - RUEDI RES. NR BASALT,1.7,42.0,90.3,7949.0,7949.0,100.0,2017-03-17T22:44:26.503000
20101029,RURC2L_F,FRYING PAN - RUEDI RES. NR BASALT,1.6,41.0,90.3,7678.0,7659.0,100.0,2017-03-17T22:44:53.255000
20101030,RURC2L_F,FRYING PAN - RUEDI RES. NR BASALT,1.4,34.0,90.3,6517.0,6134.0,100.0,2017-03-17T22:45:19.696000
20101031,RURC2L_F,FRYING PAN - RUEDI RES. NR BASALT,0.9,22.0,90.3,4242.0,1445.0,98.72,2017-03-17T22:45:45.698000
20101101,RURC2L_F,FRYING PAN - RUEDI RES. NR BASALT,0.8,21.0,90.3,4041.0,-40.0,93.94,2017-03-17T22:46:11.311000
20101102,RURC2L_F,FRYING PAN - RUEDI RES. NR BASALT,1.0,25.0,90.3,4737.0,-3621.0,100.0,2017-03-17T22:46:36.688000
20101103,RURC2L_F,FRYING PAN - RUEDI RES. NR BASALT,0.8,19.0,90.3,3661.0,-6344.0,84.31,2017-03-17T22:47:01.441000
20101104,RURC2L_F,FRYING PAN - RUEDI RES. NR BASALT,0.5,14.0,90.3,2587.0,-5362.0,74.77,2017-03-17T22:47:25.772000
20101105,RURC2L_F,FRYING PAN - RUEDI RES. NR BASALT,0.4,10.0,90.3,1932.0,-5746.0,61.38,2017-03-17T22:47:50.415000
20101106,RURC2L_F,FRYING PAN - RUEDI RES. NR BASALT,0.3,8.0,90.3,1480.0,-5037.0,50.92,2017-03-17T22:48:14.855000
20101107,RURC2L_F,FRYING PAN - RUEDI RES. NR BASALT,0.2,5.0,90.3,1040.0,-3202.0,46.24,2017-03-17T22:48:38.639000
20101108,RURC2L_F,FRYING PAN - RUEDI RES. NR BASALT,0.2,5.0,90.3,896.0,-3145.0,43.94,2017-03-17T22:49:03.829000
20101109,RURC2L_F,FRYING PAN - RUEDI RES. NR BASALT,0.1,3.0,90.3,527.0,-4210.0,35.41,2017-03-17T22:49:30.941000
20101110,RURC2L_F,FRYING PAN - RUEDI RES. NR BASALT,1.1,28.0,90.3,5292.0,1631.0,100.0,2017-03-17T22:49:59.367000
20101111,RURC2L_F,FRYING PAN - RUEDI RES. NR BASALT,1.1,29.0,90.3,5513.0,2926.0,100.0,2017-03-17T22:50:27.963000
20101112,RURC2L_F,FRYING PAN - RUEDI RES. NR BASALT,1.5,39.0,90.3,7360.0,5428.0,100.0,2017-03-17T22:50:55.685000
20101113,RURC2L_F,FRYING PAN - RUEDI RES. NR BASALT,1.5,39.0,90.3,7411.0,5931.0,100.0,2017-03-17T22:51:25.048000
20101114,RURC2L_F,FRYING PAN - RUEDI RES. NR BASALT,1.7,43.0,90.3,8200.0,7160.0,100.0,2017-03-17T22:51:54.535000
20101115,RURC2L_F,FRYING PAN - RUEDI RES. NR BASALT,1.9,48.0,90.3,9019.0,8123.0,100.0,2017-03-17T22:52:24.570000
20101116,RURC2L_F,FRYING PAN - RUEDI RES. NR BASALT,2.5,63.0,90.3,11932.0,11405.0,100.0,2017-03-17T22:52:53.464000
20101117,RURC2L_F,FRYING PAN - RUEDI RES. NR BASALT,3.0,75.0,90.3,14264.0,8972.0,100.0,2017-03-17T22:53:23.592000
20101118,RURC2L_F,FRYING PAN - RUEDI RES. NR BASALT,3.0,76.0,90.3,14428.0,8915.0,100.0,2017-03-17T22:53:52.314000
20101119,RURC2L_F,FRYING PAN - RUEDI RES. NR BASALT,2.2,55.0,90.3,10511.0,3151.0,100.0,2017-03-17T22:54:21.911000
20101120,RURC2L_F,FRYING PAN - RUEDI RES. NR BASALT,2.1,53.0,90.3,10138.0,2727.0,100.0,2017-03-17T22:54:52.742000
20101121,RURC2L_F,FRYING PAN - RUEDI RES. NR BASALT,2.0,50.0,90.3,9542.0,1342.0,100.0,2017-03-17T22:55:24.448000
20101122,RURC2L_F,FRYING PAN - RUEDI RES. NR BASALT,2.4,61.0,90.3,11522.0,2503.0,100.0,2017-03-17T22:55:55.483000
20101123,RURC2L_F,FRYING PAN - RUEDI RES. NR BASALT,2.7,68.0,90.3,12888.0,956.0,100.0,2017-03-17T22:56:27.752000
20101124,RURC2L_F,FRYING PAN - RUEDI RES. NR BASALT,2.7,68.0,90.3,12861.0,-1403.0,100.0,2017-03-17T22:57:00.521000
20101125,RURC2L_F,FRYING PAN - RUEDI RES. NR BASALT,3.1,79.0,90.3,14978.0,550.0,100.0,2017-03-17T22:57:34.041000
20101126,RURC2L_F,FRYING PAN - RUEDI RES. NR BASALT,3.1,79.0,90.3,14945.0,4434.0,100.0,2017-03-17T22:58:07.732000
20101127,RURC2L_F,FRYING PAN - RUEDI RES. NR BASALT,3.1,79.0,90.3,14914.0,4776.0,100.0,2017-03-17T22:58:41.236000
20101128,RURC2L_F,FRYING PAN - RUEDI RES. NR BASALT,3.1,78.0,90.3,14748.0,5206.0,100.0,2017-03-17T22:59:14.817000
20101129,RURC2L_F,FRYING PAN - RUEDI RES. NR BASALT,3.2,81.0,90.3,15370.0,3848.0,100.0,2017-03-17T22:59:48.196000
20101130,RURC2L_F,FRYING PAN - RUEDI RES. NR BASALT,3.4,86.0,90.3,16257.0,3369.0,100.0,2017-03-17T23:00:21.871000
20101201,RURC2L_F,FRYING PAN - RUEDI RES. NR BASALT,3.4,87.0,90.3,16403.0,3542.0,100.0,2017-03-17T23:00:56.860000
20101202,RURC2L_F,FRYING PAN - RUEDI RES. NR BASALT,3.4,87.0,90.3,16431.0,1453.0,100.0,2017-03-17T23:01:32.692000
20101203,RURC2L_F,FRYING PAN - RUEDI RES. NR BASALT,3.4,86.0,90.3,16338.0,1393.0,100.0,2017-03-17T23:02:06.570000
20101204,RURC2L_F,FRYING PAN - RUEDI RES. NR BASALT,3.4,85.0,90.3,16129.0,1215.0,100.0,2017-03-17T23:02:39.965000
20101205,RURC2L_F,FRYING PAN - RUEDI RES. NR BASALT,3.3,84.0,90.3,15997.0,1249.0,100.0,2017-03-17T23:03:13.968000
20101206,RURC2L_F,FRYING PAN - RUEDI RES. NR BASALT,3.3,84.0,90.3,15876.0,506.0,100.0,2017-03-17T23:03:48.222000
20101207,RURC2L_F,FRYING PAN - RUEDI RES. NR BASALT,3.4,86.0,90.3,16395.0,138.0,100.0,2017-03-17T23:04:23.226000
20101208,RURC2L_F,FRYING PAN - RUEDI RES. NR BASALT,4.1,104.0,90.3,19630.0,3227.0,100.0,2017-03-17T23:04:57.089000
20101209,RURC2L_F,FRYING PAN - RUEDI RES. NR BASALT,4.1,103.0,90.3,19513.0,3082.0,100.0,2017-03-17T23:05:32.608000
20101210,RURC2L_F,FRYING PAN - RUEDI RES. NR BASALT,4.0,103.0,90.3,19437.0,3099.0,100.0,2017-03-17T23:06:07.581000
20101211,RURC2L_F,FRYING PAN - RUEDI RES. NR BASALT,4.3,109.0,90.3,20718.0,4589.0,100.0,2017-03-17T23:06:42.131000
20101212,RURC2L_F,FRYING PAN - RUEDI RES. NR BASALT,4.4,112.0,90.3,21141.0,5144.0,100.0,2017-03-17T23:07:16.963000
20101213,RURC2L_F,FRYING PAN - RUEDI RES. NR BASALT,4.4,112.0,90.3,21241.0,5365.0,100.0,2017-03-17T23:07:53.217000
20101214,RURC2L_F,FRYING PAN - RUEDI RES. NR BASALT,4.4,112.0,90.3,21135.0,4740.0,100.0,2017-03-17T23:08:29.299000
20101215,RURC2L_F,FRYING PAN - RUEDI RES. NR BASALT,4.3,110.0,90.3,20921.0,1291.0,100.0,2017-03-17T23:09:04.897000
20101216,RURC2L_F,FRYING PAN - RUEDI RES. NR BASALT,4.7,120.0,90.3,22773.0,3260.0,100.0,2017-03-17T23:09:40.807000
20101217,RURC2L_F,FRYING PAN - RUEDI RES. NR BASALT,4.8,121.0,90.3,22900.0,3463.0,100.0,2017-03-17T23:10:16.733000
20101218,RURC2L_F,FRYING PAN - RUEDI RES. NR BASALT,4.8,121.0,90.3,23025.0,2307.0,100.0,2017-03-17T23:10:53.080000
20101219,RURC2L_F,FRYING PAN - RUEDI RES. NR BASALT,5.1,129.0,90.3,24464.0,3323.0,100.0,2017-03-17T23:11:31.788000
20101220,RURC2L_F,FRYING PAN - RUEDI RES. NR BASALT,5.9,149.0,90.3,28327.0,7086.0,100.0,2017-03-17T23:12:09.714000
20101221,RURC2L_F,FRYING PAN - RUEDI RES. NR BASALT,6.8,173.0,90.3,32760.0,11625.0,100.0,2017-03-17T23:12:49.952000
20101222,RURC2L_F,FRYING PAN - RUEDI RES. NR BASALT,7.1,180.0,90.3,34174.0,13253.0,100.0,2017-03-17T23:13:26.628000
20101223,RURC2L_F,FRYING PAN - RUEDI RES. NR BASALT,7.1,180.0,90.3,34149.0,11376.0,100.0,2017-03-17T23:14:03.617000
20101224,RURC2L_F,FRYING PAN - RUEDI RES. NR BASALT,7.2,182.0,90.3,34489.0,11589.0,100.0,2017-03-17T23:14:39.886000
20101225,RURC2L_F,FRYING PAN - RUEDI RES. NR BASALT,7.1,181.0,90.3,34385.0,11360.0,100.0,2017-03-17T23:15:17.531000
20101226,RURC2L_F,FRYING PAN - RUEDI RES. NR BASALT,7.1,181.0,90.3,34316.0,9852.0,100.0,2017-03-17T23:15:55.332000
20101227,RURC2L_F,FRYING PAN - RUEDI RES. NR BASALT,7.2,183.0,90.3,34685.0,6358.0,100.0,2017-03-17T23:16:34.633000
20101228,RURC2L_F,FRYING PAN - RUEDI RES. NR BASALT,7.2,184.0,90.3,34903.0,2143.0,100.0,2017-03-17T23:17:13.840000
20101229,RURC2L_F,FRYING PAN - RUEDI RES. NR BASALT,7.3,184.0,90.3,34952.0,778.0,100.0,2017-03-17T23:17:52.813000
20101230,RURC2L_F,FRYING PAN - RUEDI RES. NR BASALT,7.4,187.0,90.3,35528.0,1379.0,100.0,2017-03-17T23:18:33.802000
20101231,RURC2L_F,FRYING PAN - RUEDI RES. NR BASALT,7.6,192.0,90.3,36376.0,1887.0,100.0,2017-03-17T23:19:13.213000
20110101,RURC2L_F,FRYING PAN - RUEDI RES. NR BASALT,7.7,195.0,90.3,36870.0,2485.0,100.0,2017-03-17T23:19:52.592000
20110102,RURC2L_F,FRYING PAN - RUEDI RES. NR BASALT,7.7,195.0,90.3,36917.0,2601.0,100.0,2017-03-17T23:20:30.284000
20110103,RURC2L_F,FRYING PAN - RUEDI RES. NR BASALT,7.7,195.0,90.3,36923.0,2238.0,100.0,2017-03-17T23:21:06.694000
20110104,RURC2L_F,FRYING PAN - RUEDI RES. NR BASALT,7.8,198.0,90.3,37507.0,2604.0,100.0,2017-03-17T23:21:42.167000
20110105,RURC2L_F,FRYING PAN - RUEDI RES. NR BASALT,7.8,198.0,90.3,37469.0,2517.0,100.0,2017-03-17T23:22:18.155000
20110106,RURC2L_F,FRYING PAN - RUEDI RES. NR BASALT,7.8,198.0,90.3,37541.0,2013.0,100.0,2017-03-17T23:22:55.315000
20110107,RURC2L_F,FRYING PAN - RUEDI RES. NR BASALT,7.8,198.0,90.3,37494.0,1118.0,100.0,2017-03-17T23:23:32.131000
20110108,RURC2L_F,FRYING PAN - RUEDI RES. NR BASALT,7.8,198.0,90.3,37459.0,589.0,100.0,2017-03-17T23:24:09.339000
20110109,RURC2L_F,FRYING PAN - RUEDI RES. NR BASALT,7.8,199.0,90.3,37647.0,730.0,100.0,2017-03-17T23:24:46.499000
20110110,RURC2L_F,FRYING PAN - RUEDI RES. NR BASALT,8.5,215.0,90.3,40834.0,3911.0,100.0,2017-03-17T23:25:24.816000
20110111,RURC2L_F,FRYING PAN - RUEDI RES. NR BASALT,8.5,217.0,90.3,41161.0,3654.0,100.0,2017-03-17T23:26:03.351000
20110112,RURC2L_F,FRYING PAN - RUEDI RES. NR BASALT,8.2,209.0,90.3,39530.0,2061.0,100.0,2017-03-17T23:26:43.887000
20110113,RURC2L_F,FRYING PAN - RUEDI RES. NR BASALT,8.2,208.0,90.3,39502.0,1961.0,100.0,2017-03-17T23:27:24.532000
20110114,RURC2L_F,FRYING PAN - RUEDI RES. NR BASALT,8.2,209.0,90.3,39526.0,2032.0,100.0,2017-03-17T23:28:05.099000
20110115,RURC2L_F,FRYING PAN - RUEDI RES. NR BASALT,8.3,211.0,90.3,40022.0,2563.0,100.0,2017-03-17T23:28:44.493000
20110116,RURC2L_F,FRYING PAN - RUEDI RES. NR BASALT,8.3,211.0,90.3,39993.0,2346.0,100.0,2017-03-17T23:29:23.857000
20110117,RURC2L_F,FRYING PAN - RUEDI RES. NR BASALT,8.3,212.0,90.3,40099.0,-735.0,100.0,2017-03-17T23:30:03.549000
20110118,RURC2L_F,FRYING PAN - RUEDI RES. NR BASALT,8.7,220.0,90.3,41726.0,565.0,100.0,2017-03-17T23:30:43.600000
20110119,RURC2L_F,FRYING PAN - RUEDI RES. NR BASALT,8.7,222.0,90.3,42070.0,2540.0,100.0,2017-03-17T23:31:21.964000
20110120,RURC2L_F,FRYING PAN - RUEDI RES. NR BASALT,9.0,229.0,90.3,43502.0,4000.0,100.0,2017-03-17T23:31:58.827000
20110121,RURC2L_F,FRYING PAN - RUEDI RES. NR BASALT,9.0,229.0,90.3,43465.0,3939.0,100.0,2017-03-17T23:32:37.237000
20110122,RURC2L_F,FRYING PAN - RUEDI RES. NR BASALT,9.1,230.0,90.3,43615.0,3593.0,100.0,2017-03-17T23:33:15.851000
20110123,RURC2L_F,FRYING PAN - RUEDI RES. NR BASALT,9.5,241.0,90.3,45665.0,5672.0,100.0,2017-03-17T23:33:54.464000
20110124,RURC2L_F,FRYING PAN - RUEDI RES. NR BASALT,9.5,241.0,90.3,45636.0,5537.0,100.0,2017-03-17T23:34:31.906000
20110125,RURC2L_F,FRYING PAN - RUEDI RES. NR BASALT,9.6,243.0,90.3,46073.0,4347.0,100.0,2017-03-17T23:35:08.926000
20110126,RURC2L_F,FRYING PAN - RUEDI RES. NR BASALT,9.6,244.0,90.3,46310.0,4240.0,100.0,2017-03-17T23:35:45.898000
20110127,RURC2L_F,FRYING PAN - RUEDI RES. NR BASALT,9.6,245.0,90.3,46379.0,2877.0,100.0,2017-03-17T23:36:23.559000
20110128,RURC2L_F,FRYING PAN - RUEDI RES. NR BASALT,9.6,244.0,90.3,46338.0,2873.0,100.0,2017-03-17T23:37:00.063000
20110129,RURC2L_F,FRYING PAN - RUEDI RES. NR BASALT,9.6,244.0,90.3,46276.0,2661.0,100.0,2017-03-17T23:37:37.114000
20110130,RURC2L_F,FRYING PAN - RUEDI RES. NR BASALT,9.6,244.0,90.3,46181.0,516.0,100.0,2017-03-17T23:38:12.524000
20110131,RURC2L_F,FRYING PAN - RUEDI RES. NR BASALT,9.6,243.0,90.3,46087.0,451.0,100.0,2017-03-17T23:38:48.059000
20110201,RURC2L_F,FRYING PAN - RUEDI RES. NR BASALT,9.9,251.0,90.3,47671.0,1598.0,100.0,2017-03-17T23:39:24.860000
20110202,RURC2L_F,FRYING PAN - RUEDI RES. NR BASALT,9.9,252.0,90.3,47861.0,1551.0,100.0,2017-03-17T23:40:03.176000
20110203,RURC2L_F,FRYING PAN - RUEDI RES. NR BASALT,9.9,251.0,90.3,47618.0,1239.0,100.0,2017-03-17T23:40:42.728000
20110204,RURC2L_F,FRYING PAN - RUEDI RES. NR BASALT,9.9,251.0,90.3,47668.0,1330.0,100.0,2017-03-17T23:41:20.763000
20110205,RURC2L_F,FRYING PAN - RUEDI RES. NR BASALT,10.0,253.0,90.3,47913.0,1637.0,100.0,2017-03-17T23:42:01.205000
20110206,RURC2L_F,FRYING PAN - RUEDI RES. NR BASALT,10.7,273.0,90.3,51670.0,5489.0,100.0,2017-03-17T23:42:41.881000
20110207,RURC2L_F,FRYING PAN - RUEDI RES. NR BASALT,10.9,278.0,90.3,52614.0,6527.0,100.0,2017-03-17T23:43:20.448000
20110208,RURC2L_F,FRYING PAN - RUEDI RES. NR BASALT,11.0,279.0,90.3,52826.0,5155.0,100.0,2017-03-17T23:43:59.312000
20110209,RURC2L_F,FRYING PAN - RUEDI RES. NR BASALT,11.4,289.0,90.3,54731.0,6870.0,100.0,2017-03-17T23:44:37.456000
20110210,RURC2L_F,FRYING PAN - RUEDI RES. NR BASALT,11.4,291.0,90.3,55106.0,7488.0,100.0,2017-03-17T23:45:17.102000
20110211,RURC2L_F,FRYING PAN - RUEDI RES. NR BASALT,11.5,291.0,90.3,55189.0,7521.0,100.0,2017-03-17T23:45:57.512000
20110212,RURC2L_F,FRYING PAN - RUEDI RES. NR BASALT,11.5,291.0,90.3,55138.0,7225.0,100.0,2017-03-17T23:46:38.329000
20110213,RURC2L_F,FRYING PAN - RUEDI RES. NR BASALT,11.4,290.0,90.3,55047.0,3377.0,100.0,2017-03-17T23:47:19.896000
20110214,RURC2L_F,FRYING PAN - RUEDI RES. NR BASALT,11.4,289.0,90.3,54868.0,2254.0,100.0,2017-03-17T23:47:57.916000
20110215,RURC2L_F,FRYING PAN - RUEDI RES. NR BASALT,11.3,288.0,90.3,54522.0,1696.0,100.0,2017-03-17T23:48:34.842000
20110216,RURC2L_F,FRYING PAN - RUEDI RES. NR BASALT,11.3,286.0,90.3,54241.0,-490.0,100.0,2017-03-17T23:49:11.814000
20110217,RURC2L_F,FRYING PAN - RUEDI RES. NR BASALT,11.2,285.0,90.3,53971.0,-1135.0,100.0,2017-03-17T23:49:48.803000
20110218,RURC2L_F,FRYING PAN - RUEDI RES. NR BASALT,11.7,298.0,90.3,56523.0,1334.0,100.0,2017-03-17T23:50:24.775000
20110219,RURC2L_F,FRYING PAN - RUEDI RES. NR BASALT,11.7,298.0,90.3,56399.0,1261.0,100.0,2017-03-17T23:51:00.311000
20110220,RURC2L_F,FRYING PAN - RUEDI RES. NR BASALT,11.8,298.0,90.3,56579.0,1532.0,100.0,2017-03-17T23:51:36.330000
20110221,RURC2L_F,FRYING PAN - RUEDI RES. NR BASALT,11.9,303.0,90.3,57396.0,2528.0,100.0,2017-03-17T23:52:12.444000
20110222,RURC2L_F,FRYING PAN - RUEDI RES. NR BASALT,11.9,303.0,90.3,57520.0,2998.0,100.0,2017-03-17T23:52:48.635000
20110223,RURC2L_F,FRYING PAN - RUEDI RES. NR BASALT,12.6,321.0,90.3,60893.0,6652.0,100.0,2017-03-17T23:53:25.639000
20110224,RURC2L_F,FRYING PAN - RUEDI RES. NR BASALT,12.6,321.0,90.3,60830.0,6859.0,100.0,2017-03-17T23:54:01.830000
20110225,RURC2L_F,FRYING PAN - RUEDI RES. NR BASALT,13.0,330.0,90.3,62591.0,6068.0,100.0,2017-03-17T23:54:38.928000
20110226,RURC2L_F,FRYING PAN - RUEDI RES. NR BASALT,13.4,340.0,90.3,64427.0,8028.0,100.0,2017-03-17T23:55:16.401000
20110227,RURC2L_F,FRYING PAN - RUEDI RES. NR BASALT,13.4,341.0,90.3,64709.0,8130.0,100.0,2017-03-17T23:55:53.655000
20110228,RURC2L_F,FRYING PAN - RUEDI RES. NR BASALT,13.6,345.0,90.3,65481.0,8085.0,100.0,2017-03-17T23:56:32.081000
20110301,RURC2L_F,FRYING PAN - RUEDI RES. NR BASALT,13.6,345.0,90.3,65414.0,7894.0,100.0,2017-03-17T23:57:11.617000
20110302,RURC2L_F,FRYING PAN - RUEDI RES. NR BASALT,13.5,344.0,90.3,65154.0,4261.0,100.0,2017-03-17T23:57:49.105000
20110303,RURC2L_F,FRYING PAN - RUEDI RES. NR BASALT,13.3,338.0,90.3,64153.0,3323.0,100.0,2017-03-17T23:58:25.719000
20110304,RURC2L_F,FRYING PAN - RUEDI RES. NR BASALT,13.5,343.0,90.3,64974.0,2383.0,100.0,2017-03-17T23:59:01.285000
20110305,RURC2L_F,FRYING PAN - RUEDI RES. NR BASALT,13.9,354.0,90.3,67056.0,2629.0,100.0,2017-03-17T23:59:36.523000
20110306,RURC2L_F,FRYING PAN - RUEDI RES. NR BASALT,13.9,353.0,90.3,66950.0,2241.0,100.0,2017-03-18T00:00:12.512000
20110307,RURC2L_F,FRYING PAN - RUEDI RES. NR BASALT,14.0,355.0,90.3,67223.0,1742.0,100.0,2017-03-18T00:00:49.953000
20110308,RURC2L_F,FRYING PAN - RUEDI RES. NR BASALT,14.1,358.0,90.3,67947.0,2533.0,100.0,2017-03-18T00:01:26.926000
20110309,RURC2L_F,FRYING PAN - RUEDI RES. NR BASALT,14.4,365.0,90.3,69142.0,3988.0,100.0,2017-03-18T00:02:04.836000
20110310,RURC2L_F,FRYING PAN - RUEDI RES. NR BASALT,14.4,366.0,90.3,69369.0,5216.0,100.0,2017-03-18T00:02:42.715000
20110311,RURC2L_F,FRYING PAN - RUEDI RES. NR BASALT,14.2,361.0,90.3,68439.0,3465.0,100.0,2017-03-18T00:03:20.766000
20110312,RURC2L_F,FRYING PAN - RUEDI RES. NR BASALT,14.1,359.0,90.3,68012.0,956.0,100.0,2017-03-18T00:03:55.958000
20110313,RURC2L_F,FRYING PAN - RUEDI RES. NR BASALT,14.1,357.0,90.3,67664.0,714.0,100.0,2017-03-18T00:04:29.774000
20110314,RURC2L_F,FRYING PAN - RUEDI RES. NR BASALT,14.5,368.0,90.3,69695.0,2472.0,100.0,2017-03-18T00:05:04.309000
20110315,RURC2L_F,FRYING PAN - RUEDI RES. NR BASALT,14.4,366.0,90.3,69428.0,1481.0,100.0,2017-03-18T00:05:39.328000
20110316,RURC2L_F,FRYING PAN - RUEDI RES. NR BASALT,14.4,364.0,90.3,69091.0,-51.0,100.0,2017-03-18T00:06:14.254000
20110317,RURC2L_F,FRYING PAN - RUEDI RES. NR BASALT,14.4,365.0,90.3,69145.0,-224.0,100.0,2017-03-18T00:06:49.055000
20110318,RURC2L_F,FRYING PAN - RUEDI RES. NR BASALT,14.7,374.0,90.3,70845.0,2406.0,100.0,2017-03-18T00:07:21.933000
20110319,RURC2L_F,FRYING PAN - RUEDI RES. NR BASALT,14.8,376.0,90.3,71313.0,3301.0,100.0,2017-03-18T00:07:55.156000
20110320,RURC2L_F,FRYING PAN - RUEDI RES. NR BASALT,14.7,372.0,90.3,70542.0,2878.0,100.0,2017-03-18T00:08:28.940000
20110321,RURC2L_F,FRYING PAN - RUEDI RES. NR BASALT,14.5,367.0,90.3,69598.0,-97.0,100.0,2017-03-18T00:09:02.085000
20110322,RURC2L_F,FRYING PAN - RUEDI RES. NR BASALT,14.2,360.0,90.3,68171.0,-1257.0,100.0,2017-03-18T00:09:36.573000
20110323,RURC2L_F,FRYING PAN - RUEDI RES. NR BASALT,14.5,368.0,90.3,69831.0,740.0,100.0,2017-03-18T00:10:11.311000
20110324,RURC2L_F,FRYING PAN - RUEDI RES. NR BASALT,14.5,367.0,90.3,69655.0,510.0,100.0,2017-03-18T00:10:46.221000
20110325,RURC2L_F,FRYING PAN - RUEDI RES. NR BASALT,14.7,374.0,90.3,70941.0,96.0,100.0,2017-03-18T00:11:22.256000
20110326,RURC2L_F,FRYING PAN - RUEDI RES. NR BASALT,14.8,375.0,90.3,71176.0,-137.0,100.0,2017-03-18T00:11:57.588000
20110327,RURC2L_F,FRYING PAN - RUEDI RES. NR BASALT,14.8,377.0,90.3,71458.0,916.0,100.0,2017-03-18T00:12:34.639000
20110328,RURC2L_F,FRYING PAN - RUEDI RES. NR BASALT,15.5,394.0,90.3,74646.0,5048.0,100.0,2017-03-18T00:13:12.018000
20110329,RURC2L_F,FRYING PAN - RUEDI RES. NR BASALT,16.1,410.0,90.3,77663.0,9492.0,100.0,2017-03-18T00:13:48.694000
20110330,RURC2L_F,FRYING PAN - RUEDI RES. NR BASALT,16.3,413.0,90.3,78238.0,8407.0,100.0,2017-03-18T00:14:23.916000
20110331,RURC2L_F,FRYING PAN - RUEDI RES. NR BASALT,16.4,416.0,90.3,78921.0,9266.0,100.0,2017-03-18T00:14:59.311000
20110401,RURC2L_F,FRYING PAN - RUEDI RES. NR BASALT,16.4,416.0,90.3,78872.0,7931.0,100.0,2017-03-18T00:15:33.705000
20110402,RURC2L_F,FRYING PAN - RUEDI RES. NR BASALT,16.0,407.0,90.3,77185.0,6009.0,100.0,2017-03-18T00:16:07.537000
20110403,RURC2L_F,FRYING PAN - RUEDI RES. NR BASALT,15.6,395.0,90.3,74919.0,3461.0,100.0,2017-03-18T00:16:39.775000
20110404,RURC2L_F,FRYING PAN - RUEDI RES. NR BASALT,15.8,400.0,90.3,75889.0,1243.0,100.0,2017-03-18T00:17:13.201000
20110405,RURC2L_F,FRYING PAN - RUEDI RES. NR BASALT,15.7,399.0,90.3,75607.0,-2056.0,100.0,2017-03-18T00:17:47.001000
20110406,RURC2L_F,FRYING PAN - RUEDI RES. NR BASALT,15.4,392.0,90.3,74383.0,-3855.0,100.0,2017-03-18T00:18:19.192000
20110407,RURC2L_F,FRYING PAN - RUEDI RES. NR BASALT,15.1,384.0,90.3,72855.0,-6066.0,100.0,2017-03-18T00:18:50.961000
20110408,RURC2L_F,FRYING PAN - RUEDI RES. NR BASALT,15.6,395.0,90.3,74924.0,-3948.0,100.0,2017-03-18T00:19:24.137000
20110409,RURC2L_F,FRYING PAN - RUEDI RES. NR BASALT,15.1,384.0,90.3,72861.0,-4324.0,100.0,2017-03-18T00:19:56.796000
20110410,RURC2L_F,FRYING PAN - RUEDI RES. NR BASALT,14.8,376.0,90.3,71305.0,-3614.0,100.0,2017-03-18T00:20:29.519000
20110411,RURC2L_F,FRYING PAN - RUEDI RES. NR BASALT,15.0,380.0,90.3,72099.0,-3790.0,100.0,2017-03-18T00:21:01.444000
20110412,RURC2L_F,FRYING PAN - RUEDI RES. NR BASALT,14.9,378.0,90.3,71595.0,-4012.0,100.0,2017-03-18T00:21:32.010000
20110413,RURC2L_F,FRYING PAN - RUEDI RES. NR BASALT,14.5,368.0,90.3,69784.0,-4599.0,100.0,2017-03-18T00:22:00.888000
20110414,RURC2L_F,FRYING PAN - RUEDI RES. NR BASALT,14.1,359.0,90.3,68029.0,-4826.0,100.0,2017-03-18T00:22:30.391000
20110415,RURC2L_F,FRYING PAN - RUEDI RES. NR BASALT,14.4,365.0,90.3,69278.0,-5646.0,100.0,2017-03-18T00:23:01.316000
20110416,RURC2L_F,FRYING PAN - RUEDI RES. NR BASALT,14.3,363.0,90.3,68817.0,-4044.0,100.0,2017-03-18T00:23:33.695000
20110417,RURC2L_F,FRYING PAN - RUEDI RES. NR BASALT,14.1,358.0,90.3,67933.0,-3372.0,100.0,2017-03-18T00:24:05.651000
20110418,RURC2L_F,FRYING PAN - RUEDI RES. NR BASALT,13.7,348.0,90.3,65931.0,-6168.0,100.0,2017-03-18T00:24:36.295000
20110419,RURC2L_F,FRYING PAN - RUEDI RES. NR BASALT,13.4,341.0,90.3,64544.0,-7051.0,100.0,2017-03-18T00:25:07.939000
20110420,RURC2L_F,FRYING PAN - RUEDI RES. NR BASALT,13.8,351.0,90.3,66596.0,-3188.0,100.0,2017-03-18T00:25:40.115000
20110421,RURC2L_F,FRYING PAN - RUEDI RES. NR BASALT,13.6,345.0,90.3,65408.0,-2621.0,100.0,2017-03-18T00:26:13.071000
20110422,RURC2L_F,FRYING PAN - RUEDI RES. NR BASALT,13.7,348.0,90.3,65942.0,-3336.0,100.0,2017-03-18T00:26:44.497000
20110423,RURC2L_F,FRYING PAN - RUEDI RES. NR BASALT,14.0,356.0,90.3,67432.0,-1385.0,100.0,2017-03-18T00:27:14.672000
20110424,RURC2L_F,FRYING PAN - RUEDI RES. NR BASALT,14.5,368.0,90.3,69683.0,1750.0,100.0,2017-03-18T00:27:44.144000
20110425,RURC2L_F,FRYING PAN - RUEDI RES. NR BASALT,14.9,378.0,90.3,71678.0,5747.0,100.0,2017-03-18T00:28:13.272000
20110426,RURC2L_F,FRYING PAN - RUEDI RES. NR BASALT,15.2,387.0,90.3,73397.0,8853.0,100.0,2017-03-18T00:28:42.790000
20110427,RURC2L_F,FRYING PAN - RUEDI RES. NR BASALT,16.2,410.0,90.3,77780.0,11184.0,100.0,2017-03-18T00:29:12.669000
20110428,RURC2L_F,FRYING PAN - RUEDI RES. NR BASALT,16.4,415.0,90.3,78750.0,13342.0,100.0,2017-03-18T00:29:41.812000
20110429,RURC2L_F,FRYING PAN - RUEDI RES. NR BASALT,16.2,413.0,90.3,78228.0,12286.0,100.0,2017-03-18T00:30:11.253000
20110430,RURC2L_F,FRYING PAN - RUEDI RES. NR BASALT,16.5,418.0,90.3,79235.0,11803.0,100.0,2017-03-18T00:30:40.413000
20110501,RURC2L_F,FRYING PAN - RUEDI RES. NR BASALT,16.5,420.0,90.3,79580.0,9897.0,100.0,2017-03-18T00:31:09.603000
20110502,RURC2L_F,FRYING PAN - RUEDI RES. NR BASALT,16.6,422.0,90.3,79988.0,8310.0,100.0,2017-03-18T00:31:39.184000
20110503,RURC2L_F,FRYING PAN - RUEDI RES. NR BASALT,16.6,421.0,90.3,79772.0,6375.0,100.0,2017-03-18T00:32:07.906000
20110504,RURC2L_F,FRYING PAN - RUEDI RES. NR BASALT,16.4,416.0,90.3,78937.0,1157.0,100.0,2017-03-18T00:32:35.612000
20110505,RURC2L_F,FRYING PAN - RUEDI RES. NR BASALT,15.7,400.0,90.3,75742.0,-3008.0,100.0,2017-03-18T00:33:03.318000
20110506,RURC2L_F,FRYING PAN - RUEDI RES. NR BASALT,15.3,389.0,90.3,73712.0,-4516.0,99.82,2017-03-18T00:33:29.915000
20110507,RURC2L_F,FRYING PAN - RUEDI RES. NR BASALT,14.6,370.0,90.3,70116.0,-9119.0,98.9,2017-03-18T00:33:56.574000
20110508,RURC2L_F,FRYING PAN - RUEDI RES. NR BASALT,13.4,339.0,90.3,64309.0,-15271.0,96.88,2017-03-18T00:34:23.765000
20110509,RURC2L_F,FRYING PAN - RUEDI RES. NR BASALT,12.1,308.0,90.3,58345.0,-21643.0,93.3,2017-03-18T00:34:51.408000
20110510,RURC2L_F,FRYING PAN - RUEDI RES. NR BASALT,11.4,289.0,90.3,54811.0,-24961.0,90.92,2017-03-18T00:35:18.880000
20110511,RURC2L_F,FRYING PAN - RUEDI RES. NR BASALT,11.1,281.0,90.3,53229.0,-25708.0,88.07,2017-03-18T00:35:46.696000
20110512,RURC2L_F,FRYING PAN - RUEDI RES. NR BASALT,11.6,295.0,90.3,55870.0,-19872.0,100.0,2017-03-18T00:36:14.417000
20110513,RURC2L_F,FRYING PAN - RUEDI RES. NR BASALT,12.1,308.0,90.3,58293.0,-15419.0,100.0,2017-03-18T00:36:41.842000
20110514,RURC2L_F,FRYING PAN - RUEDI RES. NR BASALT,11.7,297.0,90.3,56291.0,-13825.0,98.72,2017-03-18T00:37:08.627000
20110515,RURC2L_F,FRYING PAN - RUEDI RES. NR BASALT,11.2,284.0,90.3,53822.0,-10487.0,88.17,2017-03-18T00:37:35.504000
20110516,RURC2L_F,FRYING PAN - RUEDI RES. NR BASALT,10.5,267.0,90.3,50680.0,-7665.0,83.58,2017-03-18T00:38:02.820000
20110517,RURC2L_F,FRYING PAN - RUEDI RES. NR BASALT,9.7,246.0,90.3,46612.0,-8199.0,80.18,2017-03-18T00:38:30.229000
20110518,RURC2L_F,FRYING PAN - RUEDI RES. NR BASALT,9.2,235.0,90.3,44481.0,-8748.0,78.81,2017-03-18T00:38:57.873000
20110519,RURC2L_F,FRYING PAN - RUEDI RES. NR BASALT,9.0,228.0,90.3,43282.0,-12588.0,78.62,2017-03-18T00:39:25.610000
20110520,RURC2L_F,FRYING PAN - RUEDI RES. NR BASALT,9.0,228.0,90.3,43169.0,-15124.0,87.71,2017-03-18T00:39:53.769000
20110521,RURC2L_F,FRYING PAN - RUEDI RES. NR BASALT,9.0,230.0,90.3,43520.0,-12771.0,100.0,2017-03-18T00:40:21.288000
20110522,RURC2L_F,FRYING PAN - RUEDI RES. NR BASALT,9.1,232.0,90.3,43957.0,-9865.0,96.06,2017-03-18T00:40:48.260000
20110523,RURC2L_F,FRYING PAN - RUEDI RES. NR BASALT,8.7,221.0,90.3,41975.0,-8705.0,77.98,2017-03-18T00:41:14.919000
20110524,RURC2L_F,FRYING PAN - RUEDI RES. NR BASALT,8.4,212.0,90.3,40205.0,-6407.0,77.43,2017-03-18T00:41:41.922000
20110525,RURC2L_F,FRYING PAN - RUEDI RES. NR BASALT,8.1,207.0,90.3,39203.0,-5278.0,77.06,2017-03-18T00:42:09.112000
20110526,RURC2L_F,FRYING PAN - RUEDI RES. NR BASALT,9.4,239.0,90.3,45368.0,2086.0,99.45,2017-03-18T00:42:35.943000
20110527,RURC2L_F,FRYING PAN - RUEDI RES. NR BASALT,8.5,217.0,90.3,41122.0,-2047.0,79.08,2017-03-18T00:43:03.728000
20110528,RURC2L_F,FRYING PAN - RUEDI RES. NR BASALT,8.0,203.0,90.3,38451.0,-5069.0,74.5,2017-03-18T00:43:31.215000
20110529,RURC2L_F,FRYING PAN - RUEDI RES. NR BASALT,7.3,186.0,90.3,35309.0,-8648.0,70.28,2017-03-18T00:43:58.218000
20110530,RURC2L_F,FRYING PAN - RUEDI RES. NR BASALT,6.3,161.0,90.3,30463.0,-11512.0,67.52,2017-03-18T00:44:25.986000
20110531,RURC2L_F,FRYING PAN - RUEDI RES. NR BASALT,6.1,154.0,90.3,29247.0,-10958.0,92.84,2017-03-18T00:44:53.067000
20110601,RURC2L_F,FRYING PAN - RUEDI RES. NR BASALT,6.7,169.0,90.3,32082.0,-7121.0,76.42,2017-03-18T00:45:19.727000
20110602,RURC2L_F,FRYING PAN - RUEDI RES. NR BASALT,5.7,146.0,90.3,27605.0,-17763.0,64.86,2017-03-18T00:45:45.901000
20110603,RURC2L_F,FRYING PAN - RUEDI RES. NR BASALT,4.9,123.0,90.3,23387.0,-17735.0,61.47,2017-03-18T00:46:12.514000
20110604,RURC2L_F,FRYING PAN - RUEDI RES. NR BASALT,4.5,114.0,90.3,21532.0,-16919.0,60.55,2017-03-18T00:46:38.329000
20110605,RURC2L_F,FRYING PAN - RUEDI RES. NR BASALT,3.9,99.0,90.3,18856.0,-16453.0,58.62,2017-03-18T00:47:04.238000
20110606,RURC2L_F,FRYING PAN - RUEDI RES. NR BASALT,3.4,86.0,90.3,16277.0,-14186.0,56.15,2017-03-18T00:47:29.975000
20110607,RURC2L_F,FRYING PAN - RUEDI RES. NR BASALT,2.9,75.0,90.3,14169.0,-15078.0,54.77,2017-03-18T00:47:56.228000
20110608,RURC2L_F,FRYING PAN - RUEDI RES. NR BASALT,2.6,66.0,90.3,12501.0,-19581.0,50.73,2017-03-18T00:48:22.278000
20110609,RURC2L_F,FRYING PAN - RUEDI RES. NR BASALT,2.3,58.0,90.3,10904.0,-16701.0,44.95,2017-03-18T00:48:48.062000
20110610,RURC2L_F,FRYING PAN - RUEDI RES. NR BASALT,2.0,51.0,90.3,9689.0,-13698.0,42.2,2017-03-18T00:49:14.017000
20110611,RURC2L_F,FRYING PAN - RUEDI RES. NR BASALT,1.8,46.0,90.3,8779.0,-12753.0,40.09,2017-03-18T00:49:40.552000
20110612,RURC2L_F,FRYING PAN - RUEDI RES. NR BASALT,1.6,40.0,90.3,7671.0,-11185.0,37.34,2017-03-18T00:50:06.602000
20110613,RURC2L_F,FRYING PAN - RUEDI RES. NR BASALT,1.4,35.0,90.3,6666.0,-9611.0,33.21,2017-03-18T00:50:32.808000
20110614,RURC2L_F,FRYING PAN - RUEDI RES. NR BASALT,1.2,31.0,90.3,5876.0,-8293.0,29.82,2017-03-18T00:50:58.826000
20110615,RURC2L_F,FRYING PAN - RUEDI RES. NR BASALT,1.1,27.0,90.3,5169.0,-7332.0,35.69,2017-03-18T00:51:24.486000
20110616,RURC2L_F,FRYING PAN - RUEDI RES. NR BASALT,0.9,23.0,90.3,4396.0,-6508.0,25.14,2017-03-18T00:51:50.817000
20110617,RURC2L_F,FRYING PAN - RUEDI RES. NR BASALT,0.8,19.0,90.3,3665.0,-6024.0,21.56,2017-03-18T00:52:16.351000
20110618,RURC2L_F,FRYING PAN - RUEDI RES. NR BASALT,0.7,18.0,90.3,3326.0,-5453.0,20.18,2017-03-18T00:52:41.963000
20110619,RURC2L_F,FRYING PAN - RUEDI RES. NR BASALT,0.6,16.0,90.3,2949.0,-4722.0,17.98,2017-03-18T00:53:07.653000
20110620,RURC2L_F,FRYING PAN - RUEDI RES. NR BASALT,0.5,14.0,90.3,2583.0,-4083.0,16.51,2017-03-18T00:53:33.281000
20110621,RURC2L_F,FRYING PAN - RUEDI RES. NR BASALT,0.5,13.0,90.3,2455.0,-3421.0,16.51,2017-03-18T00:53:58.831000
20110622,RURC2L_F,FRYING PAN - RUEDI RES. NR BASALT,0.5,12.0,90.3,2181.0,-2988.0,16.24,2017-03-18T00:54:24.521000
20110623,RURC2L_F,FRYING PAN - RUEDI RES. NR BASALT,0.4,10.0,90.3,1844.0,-2552.0,15.41,2017-03-18T00:54:50.399000
20110624,RURC2L_F,FRYING PAN - RUEDI RES. NR BASALT,0.3,8.0,90.3,1510.0,-2155.0,14.13,2017-03-18T00:55:15.480000
20110625,RURC2L_F,FRYING PAN - RUEDI RES. NR BASALT,0.3,6.0,90.3,1212.0,-2114.0,13.03,2017-03-18T00:55:40.576000
20110626,RURC2L_F,FRYING PAN - RUEDI RES. NR BASALT,0.2,5.0,90.3,975.0,-1974.0,9.36,2017-03-18T00:56:05.797000
20110627,RURC2L_F,FRYING PAN - RUEDI RES. NR BASALT,0.2,4.0,90.3,803.0,-1780.0,8.53,2017-03-18T00:56:31.206000
20110628,RURC2L_F,FRYING PAN - RUEDI RES. NR BASALT,0.1,4.0,90.3,681.0,-1774.0,7.98,2017-03-18T00:56:56.475000
20110629,RURC2L_F,FRYING PAN - RUEDI RES. NR BASALT,0.1,3.0,90.3,545.0,-1636.0,6.15,2017-03-18T00:57:21.696000
20110630,RURC2L_F,FRYING PAN - RUEDI RES. NR BASALT,0.1,2.0,90.3,438.0,-1406.0,4.86,2017-03-18T00:57:46.856000
20110701,RURC2L_F,FRYING PAN - RUEDI RES. NR BASALT,0.1,2.0,90.3,353.0,-1157.0,4.68,2017-03-18T00:58:11.046000
20110702,RURC2L_F,FRYING PAN - RUEDI RES. NR BASALT,0.1,1.0,90.3,281.0,-931.0,3.67,2017-03-18T00:58:35.533000
20110703,RURC2L_F,FRYING PAN - RUEDI RES. NR BASALT,0.0,1.0,90.3,199.0,-776.0,3.49,2017-03-18T00:59:00.113000
20110704,RURC2L_F,FRYING PAN - RUEDI RES. NR BASALT,0.0,1.0,90.3,131.0,-672.0,2.2,2017-03-18T00:59:25.116000
20110705,RURC2L_F,FRYING PAN - RUEDI RES. NR BASALT,0.0,0.0,90.3,87.0,-594.0,1.74,2017-03-18T00:59:49.963000
20110706,RURC2L_F,FRYING PAN - RUEDI RES. NR BASALT,0.0,0.0,90.3,48.0,-497.0,1.28,2017-03-18T01:00:14.590000
20110707,RURC2L_F,FRYING PAN - RUEDI RES. NR BASALT,0.0,0.0,90.3,28.0,-410.0,1.1,2017-03-18T01:00:39.484000
20110708,RURC2L_F,FRYING PAN - RUEDI RES. NR BASALT,0.0,0.0,90.3,14.0,-339.0,1.01,2017-03-18T01:01:04.252000
20110709,RURC2L_F,FRYING PAN - RUEDI RES. NR BASALT,0.0,0.0,90.3,0.0,-281.0,0.18,2017-03-18T01:01:29.145000
20110710,RURC2L_F,FRYING PAN - RUEDI RES. NR BASALT,0.0,0.0,90.3,0.0,-199.0,0.0,2017-03-18T01:01:54.351000
20110711,RURC2L_F,FRYING PAN - RUEDI RES. NR BASALT,0.0,0.0,90.3,0.0,-131.0,0.0,2017-03-18T01:02:19.244000
20110712,RURC2L_F,FRYING PAN - RUEDI RES. NR BASALT,0.0,0.0,90.3,0.0,-87.0,0.0,2017-03-18T01:02:44.122000
20110713,RURC2L_F,FRYING PAN - RUEDI RES. NR BASALT,0.0,0.0,90.3,0.0,-48.0,0.0,2017-03-18T01:03:10.015000
20110714,RURC2L_F,FRYING PAN - RUEDI RES. NR BASALT,0.0,0.0,90.3,0.0,-28.0,0.0,2017-03-18T01:03:34.596000
20110715,RURC2L_F,FRYING PAN - RUEDI RES. NR BASALT,0.0,0.0,90.3,0.0,-14.0,0.0,2017-03-18T01:03:58.802000
20110716,RURC2L_F,FRYING PAN - RUEDI RES. NR BASALT,0.0,0.0,90.3,0.0,0.0,0.0,2017-03-18T01:04:23.086000
20110717,RURC2L_F,FRYING PAN - RUEDI RES. NR BASALT,0.0,0.0,90.3,0.0,0.0,0.0,2017-03-18T01:04:47.276000
20110718,RURC2L_F,FRYING PAN - RUEDI RES. NR BASALT,0.0,0.0,90.3,0.0,0.0,0.0,2017-03-18T01:05:11.466000
20110719,RURC2L_F,FRYING PAN - RUEDI RES. NR BASALT,0.0,0.0,90.3,0.0,0.0,0.0,2017-03-18T01:05:35.703000
20110720,RURC2L_F,FRYING PAN - RUEDI RES. NR BASALT,0.0,0.0,90.3,0.0,0.0,0.0,2017-03-18T01:05:59.940000
20110721,RURC2L_F,FRYING PAN - RUEDI RES. NR BASALT,0.0,0.0,90.3,0.0,0.0,0.0,2017-03-18T01:06:23.677000
20110722,RURC2L_F,FRYING PAN - RUEDI RES. NR BASALT,0.0,0.0,90.3,0.0,0.0,0.0,2017-03-18T01:06:47.898000
20110723,RURC2L_F,FRYING PAN - RUEDI RES. NR BASALT,0.0,0.0,90.3,0.0,0.0,0.0,2017-03-18T01:07:12.823000
20110724,RURC2L_F,FRYING PAN - RUEDI RES. NR BASALT,0.0,0.0,90.3,0.0,0.0,0.0,2017-03-18T01:07:37.310000
20110725,RURC2L_F,FRYING PAN - RUEDI RES. NR BASALT,0.0,0.0,90.3,0.0,0.0,0.0,2017-03-18T01:08:01.516000
20110726,RURC2L_F,FRYING PAN - RUEDI RES. NR BASALT,0.0,0.0,90.3,0.0,0.0,0.0,2017-03-18T01:08:25.768000
20110727,RURC2L_F,FRYING PAN - RUEDI RES. NR BASALT,0.0,0.0,90.3,0.0,0.0,0.0,2017-03-18T01:08:50.146000
20110728,RURC2L_F,FRYING PAN - RUEDI RES. NR BASALT,0.0,0.0,90.3,0.0,0.0,0.0,2017-03-18T01:09:15.399000
20110729,RURC2L_F,FRYING PAN - RUEDI RES. NR BASALT,0.0,0.0,90.3,0.0,0.0,0.0,2017-03-18T01:09:39.948000
20110730,RURC2L_F,FRYING PAN - RUEDI RES. NR BASALT,0.0,0.0,90.3,0.0,0.0,0.0,2017-03-18T01:10:04.217000
20110731,RURC2L_F,FRYING PAN - RUEDI RES. NR BASALT,0.0,0.0,90.3,0.0,0.0,0.0,2017-03-18T01:10:29.766000
20110801,RURC2L_F,FRYING PAN - RUEDI RES. NR BASALT,0.0,0.0,90.3,0.0,0.0,0.0,2017-03-18T01:10:54.425000
20110802,RURC2L_F,FRYING PAN - RUEDI RES. NR BASALT,0.0,0.0,90.3,0.0,0.0,0.0,2017-03-18T01:11:18.553000
20110803,RURC2L_F,FRYING PAN - RUEDI RES. NR BASALT,0.0,0.0,90.3,0.0,0.0,0.0,2017-03-18T01:11:42.884000
20110804,RURC2L_F,FRYING PAN - RUEDI RES. NR BASALT,0.0,0.0,90.3,0.0,0.0,0.0,2017-03-18T01:12:07.027000
20110805,RURC2L_F,FRYING PAN - RUEDI RES. NR BASALT,0.0,0.0,90.3,0.0,0.0,0.0,2017-03-18T01:12:30.826000
20110806,RURC2L_F,FRYING PAN - RUEDI RES. NR BASALT,0.0,0.0,90.3,0.0,0.0,0.0,2017-03-18T01:12:54.813000
20110807,RURC2L_F,FRYING PAN - RUEDI RES. NR BASALT,0.0,0.0,90.3,0.0,0.0,0.0,2017-03-18T01:13:19.144000
20110808,RURC2L_F,FRYING PAN - RUEDI RES. NR BASALT,0.0,0.0,90.3,0.0,0.0,0.0,2017-03-18T01:13:43.162000
20110809,RURC2L_F,FRYING PAN - RUEDI RES. NR BASALT,0.0,0.0,90.3,0.0,0.0,0.0,2017-03-18T01:14:06.977000
20110810,RURC2L_F,FRYING PAN - RUEDI RES. NR BASALT,0.0,0.0,90.3,0.0,0.0,0.0,2017-03-18T01:14:30.652000
20110811,RURC2L_F,FRYING PAN - RUEDI RES. NR BASALT,0.0,0.0,90.3,0.0,0.0,0.0,2017-03-18T01:14:54.092000
20110812,RURC2L_F,FRYING PAN - RUEDI RES. NR BASALT,0.0,0.0,90.3,0.0,0.0,0.0,2017-03-18T01:15:17.673000
20110813,RURC2L_F,FRYING PAN - RUEDI RES. NR BASALT,0.0,0.0,90.3,0.0,0.0,0.0,2017-03-18T01:15:41.519000
20110814,RURC2L_F,FRYING PAN - RUEDI RES. NR BASALT,0.0,0.0,90.3,0.0,0.0,0.0,2017-03-18T01:16:05.537000
20110815,RURC2L_F,FRYING PAN - RUEDI RES. NR BASALT,0.0,0.0,90.3,0.0,0.0,0.0,2017-03-18T01:16:29.071000
20110816,RURC2L_F,FRYING PAN - RUEDI RES. NR BASALT,0.0,0.0,90.3,0.0,0.0,0.0,2017-03-18T01:16:53.058000
20110817,RURC2L_F,FRYING PAN - RUEDI RES. NR BASALT,0.0,0.0,90.3,0.0,0.0,0.0,2017-03-18T01:17:16.451000
20110818,RURC2L_F,FRYING PAN - RUEDI RES. NR BASALT,0.0,0.0,90.3,0.0,0.0,0.0,2017-03-18T01:17:39.907000
20110819,RURC2L_F,FRYING PAN - RUEDI RES. NR BASALT,0.0,0.0,90.3,0.0,0.0,0.0,2017-03-18T01:18:04.035000
20110820,RURC2L_F,FRYING PAN - RUEDI RES. NR BASALT,0.0,0.0,90.3,0.0,0.0,0.0,2017-03-18T01:18:27.709000
20110821,RURC2L_F,FRYING PAN - RUEDI RES. NR BASALT,0.0,0.0,90.3,0.0,0.0,0.0,2017-03-18T01:18:52.165000
20110822,RURC2L_F,FRYING PAN - RUEDI RES. NR BASALT,0.0,0.0,90.3,0.0,0.0,0.0,2017-03-18T01:19:16.527000
20110823,RURC2L_F,FRYING PAN - RUEDI RES. NR BASALT,0.0,0.0,90.3,0.0,0.0,0.0,2017-03-18T01:19:40.217000
20110824,RURC2L_F,FRYING PAN - RUEDI RES. NR BASALT,0.0,0.0,90.3,0.0,0.0,0.0,2017-03-18T01:20:03.751000
20110825,RURC2L_F,FRYING PAN - RUEDI RES. NR BASALT,0.0,0.0,90.3,0.0,0.0,0.0,2017-03-18T01:20:27.535000
20110826,RURC2L_F,FRYING PAN - RUEDI RES. NR BASALT,0.0,0.0,90.3,0.0,0.0,0.0,2017-03-18T01:20:52.084000
20110827,RURC2L_F,FRYING PAN - RUEDI RES. NR BASALT,0.0,0.0,90.3,0.0,0.0,0.0,2017-03-18T01:21:15.446000
20110828,RURC2L_F,FRYING PAN - RUEDI RES. NR BASALT,0.0,0.0,90.3,0.0,0.0,0.0,2017-03-18T01:21:38.777000
20110829,RURC2L_F,FRYING PAN - RUEDI RES. NR BASALT,0.0,0.0,90.3,0.0,0.0,0.0,2017-03-18T01:22:02.639000
20110830,RURC2L_F,FRYING PAN - RUEDI RES. NR BASALT,0.0,0.0,90.3,0.0,0.0,0.0,2017-03-18T01:22:26.282000
20110831,RURC2L_F,FRYING PAN - RUEDI RES. NR BASALT,0.0,0.0,90.3,0.0,0.0,0.0,2017-03-18T01:22:49.753000
20110901,RURC2L_F,FRYING PAN - RUEDI RES. NR BASALT,0.0,0.0,90.3,0.0,0.0,0.0,2017-03-18T01:23:13.006000
20110902,RURC2L_F,FRYING PAN - RUEDI RES. NR BASALT,0.0,0.0,90.3,0.0,0.0,0.0,2017-03-18T01:23:36.383000
20110903,RURC2L_F,FRYING PAN - RUEDI RES. NR BASALT,0.0,0.0,90.3,0.0,0.0,0.0,2017-03-18T01:23:59.917000
20110904,RURC2L_F,FRYING PAN - RUEDI RES. NR BASALT,0.0,0.0,90.3,0.0,0.0,0.0,2017-03-18T01:24:23.654000
20110905,RURC2L_F,FRYING PAN - RUEDI RES. NR BASALT,0.0,0.0,90.3,0.0,0.0,0.0,2017-03-18T01:24:47.907000
20110906,RURC2L_F,FRYING PAN - RUEDI RES. NR BASALT,0.0,0.0,90.3,0.0,0.0,0.0,2017-03-18T01:25:12.238000
20110907,RURC2L_F,FRYING PAN - RUEDI RES. NR BASALT,0.0,0.0,90.3,0.0,0.0,0.0,2017-03-18T01:25:35.693000
20110908,RURC2L_F,FRYING PAN - RUEDI RES. NR BASALT,0.0,0.0,90.3,0.0,0.0,0.0,2017-03-18T01:25:59.102000
20110909,RURC2L_F,FRYING PAN - RUEDI RES. NR BASALT,0.0,0.0,90.3,0.0,0.0,0.0,2017-03-18T01:26:22.417000
20110910,RURC2L_F,FRYING PAN - RUEDI RES. NR BASALT,0.0,0.0,90.3,0.0,0.0,0.0,2017-03-18T01:26:45.982000
20110911,RURC2L_F,FRYING PAN - RUEDI RES. NR BASALT,0.0,0.0,90.3,0.0,0.0,0.0,2017-03-18T01:27:09.500000
20110912,RURC2L_F,FRYING PAN - RUEDI RES. NR BASALT,0.0,0.0,90.3,0.0,0.0,0.0,2017-03-18T01:27:33.315000
20110913,RURC2L_F,FRYING PAN - RUEDI RES. NR BASALT,0.0,0.0,90.3,0.0,0.0,0.0,2017-03-18T01:27:56.849000
20110914,RURC2L_F,FRYING PAN - RUEDI RES. NR BASALT,0.0,0.0,90.3,0.0,0.0,0.0,2017-03-18T01:28:20.117000
20110915,RURC2L_F,FRYING PAN - RUEDI RES. NR BASALT,0.0,0.0,90.3,0.0,0.0,0.0,2017-03-18T01:28:45.167000
20110916,RURC2L_F,FRYING PAN - RUEDI RES. NR BASALT,0.0,0.0,90.3,0.0,0.0,0.0,2017-03-18T01:29:09.497000
20110917,RURC2L_F,FRYING PAN - RUEDI RES. NR BASALT,0.0,0.0,90.3,0.0,0.0,0.0,2017-03-18T01:29:32.734000
20110918,RURC2L_F,FRYING PAN - RUEDI RES. NR BASALT,0.0,0.0,90.3,4.0,4.0,1.74,2017-03-18T01:29:56.784000
20110919,RURC2L_F,FRYING PAN - RUEDI RES. NR BASALT,0.0,0.0,90.3,0.0,0.0,0.0,2017-03-18T01:30:20.568000
20110920,RURC2L_F,FRYING PAN - RUEDI RES. NR BASALT,0.0,0.0,90.3,0.0,0.0,0.0,2017-03-18T01:30:44.742000
20110921,RURC2L_F,FRYING PAN - RUEDI RES. NR BASALT,0.0,0.0,90.3,0.0,0.0,0.0,2017-03-18T01:31:08.245000
20110922,RURC2L_F,FRYING PAN - RUEDI RES. NR BASALT,0.0,0.0,90.3,0.0,0.0,0.0,2017-03-18T01:31:32.325000
20110923,RURC2L_F,FRYING PAN - RUEDI RES. NR BASALT,0.0,0.0,90.3,0.0,0.0,0.0,2017-03-18T01:31:56.390000
20110924,RURC2L_F,FRYING PAN - RUEDI RES. NR BASALT,0.0,0.0,90.3,0.0,0.0,0.0,2017-03-18T01:32:19.956000
20110925,RURC2L_F,FRYING PAN - RUEDI RES. NR BASALT,0.0,0.0,90.3,0.0,-4.0,0.0,2017-03-18T01:32:44.661000
20110926,RURC2L_F,FRYING PAN - RUEDI RES. NR BASALT,0.0,0.0,90.3,0.0,0.0,0.0,2017-03-18T01:33:08.570000
20110927,RURC2L_F,FRYING PAN - RUEDI RES. NR BASALT,0.0,0.0,90.3,0.0,0.0,0.0,2017-03-18T01:33:32.651000
20110928,RURC2L_F,FRYING PAN - RUEDI RES. NR BASALT,0.0,0.0,90.3,0.0,0.0,0.0,2017-03-18T01:33:56.435000
20110929,RURC2L_F,FRYING PAN - RUEDI RES. NR BASALT,0.0,0.0,90.3,0.0,0.0,0.0,2017-03-18T01:34:19.969000
20110930,RURC2L_F,FRYING PAN - RUEDI RES. NR BASALT,0.0,0.0,90.3,0.0,0.0,0.0,2017-03-18T01:34:43.518000
20111001,RURC2L_F,FRYING PAN - RUEDI RES. NR BASALT,0.0,0.0,90.3,0.0,0.0,0.0,2017-03-18T01:35:06.661000
20111002,RURC2L_F,FRYING PAN - RUEDI RES. NR BASALT,0.0,0.0,90.3,0.0,0.0,0.0,2017-03-18T01:35:30.148000
20111003,RURC2L_F,FRYING PAN - RUEDI RES. NR BASALT,0.0,0.0,90.3,0.0,0.0,0.0,2017-03-18T01:35:53.619000
20111004,RURC2L_F,FRYING PAN - RUEDI RES. NR BASALT,0.0,0.0,90.3,0.0,0.0,0.0,2017-03-18T01:36:17.216000
20111005,RURC2L_F,FRYING PAN - RUEDI RES. NR BASALT,0.0,0.0,90.3,0.0,0.0,0.0,2017-03-18T01:36:40.749000
20111006,RURC2L_F,FRYING PAN - RUEDI RES. NR BASALT,0.0,0.0,90.3,0.0,0.0,0.0,2017-03-18T01:37:06.033000
20111007,RURC2L_F,FRYING PAN - RUEDI RES. NR BASALT,0.1,3.0,90.3,600.0,600.0,100.0,2017-03-18T01:37:33.177000
20111008,RURC2L_F,FRYING PAN - RUEDI RES. NR BASALT,0.1,3.0,90.3,596.0,596.0,91.65,2017-03-18T01:37:59.773000
20111009,RURC2L_F,FRYING PAN - RUEDI RES. NR BASALT,0.4,9.0,90.3,1794.0,1794.0,100.0,2017-03-18T01:38:26.229000
20111010,RURC2L_F,FRYING PAN - RUEDI RES. NR BASALT,0.4,10.0,90.3,1894.0,1894.0,99.72,2017-03-18T01:38:52.013000
20111011,RURC2L_F,FRYING PAN - RUEDI RES. NR BASALT,0.3,8.0,90.3,1430.0,1430.0,89.45,2017-03-18T01:39:18.157000
20111012,RURC2L_F,FRYING PAN - RUEDI RES. NR BASALT,0.3,8.0,90.3,1567.0,1567.0,83.03,2017-03-18T01:39:43.550000
20111013,RURC2L_F,FRYING PAN - RUEDI RES. NR BASALT,0.2,6.0,90.3,1182.0,1182.0,71.19,2017-03-18T01:40:08.897000
20111014,RURC2L_F,FRYING PAN - RUEDI RES. NR BASALT,0.1,2.0,90.3,440.0,-160.0,41.01,2017-03-18T01:40:33.337000
20111015,RURC2L_F,FRYING PAN - RUEDI RES. NR BASALT,0.0,1.0,90.3,128.0,-468.0,15.87,2017-03-18T01:40:57.605000
20111016,RURC2L_F,FRYING PAN - RUEDI RES. NR BASALT,0.0,0.0,90.3,0.0,-1794.0,0.0,2017-03-18T01:41:21.639000
20111017,RURC2L_F,FRYING PAN - RUEDI RES. NR BASALT,0.0,0.0,90.3,0.0,-1894.0,0.0,2017-03-18T01:41:45.986000
20111018,RURC2L_F,FRYING PAN - RUEDI RES. NR BASALT,0.1,1.0,90.3,259.0,-1171.0,58.44,2017-03-18T01:42:09.847000
20111019,RURC2L_F,FRYING PAN - RUEDI RES. NR BASALT,0.0,1.0,90.3,169.0,-1398.0,41.19,2017-03-18T01:42:33.944000
20111020,RURC2L_F,FRYING PAN - RUEDI RES. NR BASALT,0.0,0.0,90.3,10.0,-1172.0,4.5,2017-03-18T01:42:57.837000
20111021,RURC2L_F,FRYING PAN - RUEDI RES. NR BASALT,0.0,0.0,90.3,0.0,-440.0,0.0,2017-03-18T01:43:21.496000
20111022,RURC2L_F,FRYING PAN - RUEDI RES. NR BASALT,0.0,0.0,90.3,0.0,-128.0,0.0,2017-03-18T01:43:45.389000
20111023,RURC2L_F,FRYING PAN - RUEDI RES. NR BASALT,0.0,0.0,90.3,0.0,0.0,0.0,2017-03-18T01:44:08.892000
20111024,RURC2L_F,FRYING PAN - RUEDI RES. NR BASALT,0.0,0.0,90.3,0.0,0.0,0.0,2017-03-18T01:44:32.316000
20111025,RURC2L_F,FRYING PAN - RUEDI RES. NR BASALT,0.0,0.0,90.3,0.0,-259.0,0.0,2017-03-18T01:44:56.475000
20111026,RURC2L_F,FRYING PAN - RUEDI RES. NR BASALT,0.1,3.0,90.3,643.0,474.0,98.99,2017-03-18T01:45:21.134000
20111027,RURC2L_F,FRYING PAN - RUEDI RES. NR BASALT,1.2,30.0,90.3,5710.0,5700.0,100.0,2017-03-18T01:45:46.699000
20111028,RURC2L_F,FRYING PAN - RUEDI RES. NR BASALT,1.2,30.0,90.3,5664.0,5664.0,100.0,2017-03-18T01:46:13.765000
20111029,RURC2L_F,FRYING PAN - RUEDI RES. NR BASALT,0.9,23.0,90.3,4426.0,4426.0,100.0,2017-03-18T01:46:40.471000
20111030,RURC2L_F,FRYING PAN - RUEDI RES. NR BASALT,0.9,23.0,90.3,4272.0,4272.0,100.0,2017-03-18T01:47:07.770000
20111031,RURC2L_F,FRYING PAN - RUEDI RES. NR BASALT,0.8,21.0,90.3,4072.0,4072.0,100.0,2017-03-18T01:47:34.117000
20111101,RURC2L_F,FRYING PAN - RUEDI RES. NR BASALT,0.7,18.0,90.3,3412.0,3412.0,98.9,2017-03-18T01:48:00.229000
20111102,RURC2L_F,FRYING PAN - RUEDI RES. NR BASALT,0.6,16.0,90.3,2978.0,2335.0,100.0,2017-03-18T01:48:27.217000
20111103,RURC2L_F,FRYING PAN - RUEDI RES. NR BASALT,0.9,23.0,90.3,4287.0,-1423.0,100.0,2017-03-18T01:48:54.657000
20111104,RURC2L_F,FRYING PAN - RUEDI RES. NR BASALT,0.9,22.0,90.3,4132.0,-1532.0,100.0,2017-03-18T01:49:21.785000
20111105,RURC2L_F,FRYING PAN - RUEDI RES. NR BASALT,0.6,16.0,90.3,2960.0,-1466.0,79.82,2017-03-18T01:49:49.991000
20111106,RURC2L_F,FRYING PAN - RUEDI RES. NR BASALT,1.0,24.0,90.3,4584.0,312.0,100.0,2017-03-18T01:50:18.510000
20111107,RURC2L_F,FRYING PAN - RUEDI RES. NR BASALT,1.0,26.0,90.3,4877.0,805.0,100.0,2017-03-18T01:50:47.310000
20111108,RURC2L_F,FRYING PAN - RUEDI RES. NR BASALT,1.1,27.0,90.3,5107.0,1695.0,100.0,2017-03-18T01:51:16.375000
20111109,RURC2L_F,FRYING PAN - RUEDI RES. NR BASALT,1.1,28.0,90.3,5288.0,2310.0,100.0,2017-03-18T01:51:45.816000
20111110,RURC2L_F,FRYING PAN - RUEDI RES. NR BASALT,1.1,28.0,90.3,5230.0,943.0,100.0,2017-03-18T01:52:15.788000
20111111,RURC2L_F,FRYING PAN - RUEDI RES. NR BASALT,1.1,27.0,90.3,5111.0,979.0,100.0,2017-03-18T01:52:44.901000
20111112,RURC2L_F,FRYING PAN - RUEDI RES. NR BASALT,1.0,26.0,90.3,4873.0,1913.0,100.0,2017-03-18T01:53:14.029000
20111113,RURC2L_F,FRYING PAN - RUEDI RES. NR BASALT,1.2,31.0,90.3,5966.0,1382.0,100.0,2017-03-18T01:53:42.907000
20111114,RURC2L_F,FRYING PAN - RUEDI RES. NR BASALT,1.8,45.0,90.3,8560.0,3683.0,100.0,2017-03-18T01:54:11.254000
20111115,RURC2L_F,FRYING PAN - RUEDI RES. NR BASALT,1.8,45.0,90.3,8436.0,3329.0,100.0,2017-03-18T01:54:38.882000
20111116,RURC2L_F,FRYING PAN - RUEDI RES. NR BASALT,1.8,45.0,90.3,8468.0,3180.0,100.0,2017-03-18T01:55:07.432000
20111117,RURC2L_F,FRYING PAN - RUEDI RES. NR BASALT,1.8,45.0,90.3,8581.0,3351.0,100.0,2017-03-18T01:55:35.638000
20111118,RURC2L_F,FRYING PAN - RUEDI RES. NR BASALT,1.8,45.0,90.3,8436.0,3325.0,100.0,2017-03-18T01:56:06.173000
20111119,RURC2L_F,FRYING PAN - RUEDI RES. NR BASALT,1.7,42.0,90.3,8038.0,3165.0,100.0,2017-03-18T01:56:35.676000
20111120,RURC2L_F,FRYING PAN - RUEDI RES. NR BASALT,2.3,58.0,90.3,10954.0,4988.0,100.0,2017-03-18T01:57:05.835000
20111121,RURC2L_F,FRYING PAN - RUEDI RES. NR BASALT,2.3,58.0,90.3,11037.0,2477.0,100.0,2017-03-18T01:57:36.479000
20111122,RURC2L_F,FRYING PAN - RUEDI RES. NR BASALT,2.5,63.0,90.3,12035.0,3599.0,100.0,2017-03-18T01:58:08.451000
20111123,RURC2L_F,FRYING PAN - RUEDI RES. NR BASALT,2.4,60.0,90.3,11318.0,2850.0,100.0,2017-03-18T01:58:40.986000
20111124,RURC2L_F,FRYING PAN - RUEDI RES. NR BASALT,2.3,58.0,90.3,11041.0,2460.0,100.0,2017-03-18T01:59:11.458000
20111125,RURC2L_F,FRYING PAN - RUEDI RES. NR BASALT,2.2,56.0,90.3,10648.0,2212.0,100.0,2017-03-18T01:59:39.618000
20111126,RURC2L_F,FRYING PAN - RUEDI RES. NR BASALT,2.3,59.0,90.3,11112.0,3074.0,100.0,2017-03-18T02:00:07.965000
20111127,RURC2L_F,FRYING PAN - RUEDI RES. NR BASALT,2.3,59.0,90.3,11092.0,138.0,100.0,2017-03-18T02:00:35.936000
20111128,RURC2L_F,FRYING PAN - RUEDI RES. NR BASALT,2.3,58.0,90.3,10984.0,-53.0,100.0,2017-03-18T02:01:03.627000
20111129,RURC2L_F,FRYING PAN - RUEDI RES. NR BASALT,2.2,57.0,90.3,10808.0,-1227.0,100.0,2017-03-18T02:01:31.192000
20111130,RURC2L_F,FRYING PAN - RUEDI RES. NR BASALT,2.2,56.0,90.3,10676.0,-642.0,100.0,2017-03-18T02:01:59.664000
20111201,RURC2L_F,FRYING PAN - RUEDI RES. NR BASALT,2.2,55.0,90.3,10459.0,-582.0,100.0,2017-03-18T02:02:29.105000
20111202,RURC2L_F,FRYING PAN - RUEDI RES. NR BASALT,2.1,54.0,90.3,10329.0,-319.0,100.0,2017-03-18T02:02:59.171000
20111203,RURC2L_F,FRYING PAN - RUEDI RES. NR BASALT,2.2,56.0,90.3,10527.0,-585.0,100.0,2017-03-18T02:03:30.424000
20111204,RURC2L_F,FRYING PAN - RUEDI RES. NR BASALT,2.4,61.0,90.3,11602.0,510.0,100.0,2017-03-18T02:04:02.396000
20111205,RURC2L_F,FRYING PAN - RUEDI RES. NR BASALT,2.7,67.0,90.3,12766.0,1782.0,100.0,2017-03-18T02:04:34.041000
20111206,RURC2L_F,FRYING PAN - RUEDI RES. NR BASALT,2.7,69.0,90.3,13089.0,2281.0,100.0,2017-03-18T02:05:06.450000
20111207,RURC2L_F,FRYING PAN - RUEDI RES. NR BASALT,2.7,69.0,90.3,13095.0,2419.0,100.0,2017-03-18T02:05:39.782000
20111208,RURC2L_F,FRYING PAN - RUEDI RES. NR BASALT,2.7,68.0,90.3,12850.0,2391.0,100.0,2017-03-18T02:06:14.614000
20111209,RURC2L_F,FRYING PAN - RUEDI RES. NR BASALT,2.7,68.0,90.3,12905.0,2576.0,100.0,2017-03-18T02:06:48.243000
20111210,RURC2L_F,FRYING PAN - RUEDI RES. NR BASALT,2.7,68.0,90.3,12861.0,2334.0,100.0,2017-03-18T02:07:21.278000
20111211,RURC2L_F,FRYING PAN - RUEDI RES. NR BASALT,2.7,68.0,90.3,12812.0,1210.0,100.0,2017-03-18T02:07:54.578000
20111212,RURC2L_F,FRYING PAN - RUEDI RES. NR BASALT,2.6,67.0,90.3,12743.0,-23.0,100.0,2017-03-18T02:08:26.284000
20111213,RURC2L_F,FRYING PAN - RUEDI RES. NR BASALT,2.6,67.0,90.3,12656.0,-433.0,100.0,2017-03-18T02:08:58.225000
20111214,RURC2L_F,FRYING PAN - RUEDI RES. NR BASALT,2.8,70.0,90.3,13316.0,221.0,100.0,2017-03-18T02:09:30.401000
20111215,RURC2L_F,FRYING PAN - RUEDI RES. NR BASALT,3.1,79.0,90.3,14923.0,2073.0,100.0,2017-03-18T02:10:02.154000
20111216,RURC2L_F,FRYING PAN - RUEDI RES. NR BASALT,3.1,79.0,90.3,14943.0,2038.0,100.0,2017-03-18T02:10:33.533000
20111217,RURC2L_F,FRYING PAN - RUEDI RES. NR BASALT,3.1,79.0,90.3,14906.0,2045.0,100.0,2017-03-18T02:11:04.645000
20111218,RURC2L_F,FRYING PAN - RUEDI RES. NR BASALT,3.1,78.0,90.3,14819.0,2007.0,100.0,2017-03-18T02:11:36.461000
20111219,RURC2L_F,FRYING PAN - RUEDI RES. NR BASALT,3.1,78.0,90.3,14697.0,1954.0,100.0,2017-03-18T02:12:08.496000
20111220,RURC2L_F,FRYING PAN - RUEDI RES. NR BASALT,3.0,77.0,90.3,14595.0,1939.0,100.0,2017-03-18T02:12:39.859000
20111221,RURC2L_F,FRYING PAN - RUEDI RES. NR BASALT,3.0,77.0,90.3,14534.0,1218.0,100.0,2017-03-18T02:13:11.894000
20111222,RURC2L_F,FRYING PAN - RUEDI RES. NR BASALT,3.2,80.0,90.3,15251.0,328.0,100.0,2017-03-18T02:13:44.194000
20111223,RURC2L_F,FRYING PAN - RUEDI RES. NR BASALT,3.4,86.0,90.3,16240.0,1297.0,100.0,2017-03-18T02:14:16.026000
20111224,RURC2L_F,FRYING PAN - RUEDI RES. NR BASALT,3.4,85.0,90.3,16195.0,1289.0,100.0,2017-03-18T02:14:48.217000
20111225,RURC2L_F,FRYING PAN - RUEDI RES. NR BASALT,3.3,85.0,90.3,16081.0,1262.0,100.0,2017-03-18T02:15:20.267000
20111226,RURC2L_F,FRYING PAN - RUEDI RES. NR BASALT,3.3,84.0,90.3,15989.0,1292.0,100.0,2017-03-18T02:15:51.974000
20111227,RURC2L_F,FRYING PAN - RUEDI RES. NR BASALT,3.3,84.0,90.3,15901.0,1306.0,100.0,2017-03-18T02:16:23.790000
20111228,RURC2L_F,FRYING PAN - RUEDI RES. NR BASALT,3.3,83.0,90.3,15780.0,1246.0,100.0,2017-03-18T02:16:58.012000
20111229,RURC2L_F,FRYING PAN - RUEDI RES. NR BASALT,3.3,83.0,90.3,15679.0,428.0,100.0,2017-03-18T02:17:32.859000
20111230,RURC2L_F,FRYING PAN - RUEDI RES. NR BASALT,3.3,83.0,90.3,15815.0,-425.0,100.0,2017-03-18T02:18:05.425000
20111231,RURC2L_F,FRYING PAN - RUEDI RES. NR BASALT,3.3,83.0,90.3,15653.0,-542.0,100.0,2017-03-18T02:18:37.132000
20120101,RURC2L_F,FRYING PAN - RUEDI RES. NR BASALT,3.3,83.0,90.3,15708.0,-373.0,100.0,2017-03-18T02:19:07.557000
20120102,RURC2L_F,FRYING PAN - RUEDI RES. NR BASALT,3.2,82.0,90.3,15603.0,-386.0,100.0,2017-03-18T02:19:37.295000
20120103,RURC2L_F,FRYING PAN - RUEDI RES. NR BASALT,3.2,82.0,90.3,15506.0,-395.0,100.0,2017-03-18T02:20:07.157000
20120104,RURC2L_F,FRYING PAN - RUEDI RES. NR BASALT,3.2,82.0,90.3,15477.0,-303.0,100.0,2017-03-18T02:20:39.364000
20120105,RURC2L_F,FRYING PAN - RUEDI RES. NR BASALT,3.2,81.0,90.3,15397.0,-282.0,100.0,2017-03-18T02:21:09.789000
20120106,RURC2L_F,FRYING PAN - RUEDI RES. NR BASALT,3.2,80.0,90.3,15211.0,-604.0,100.0,2017-03-18T02:21:40.527000
20120107,RURC2L_F,FRYING PAN - RUEDI RES. NR BASALT,3.1,80.0,90.3,15134.0,-519.0,100.0,2017-03-18T02:22:10.764000
20120108,RURC2L_F,FRYING PAN - RUEDI RES. NR BASALT,3.4,87.0,90.3,16576.0,868.0,100.0,2017-03-18T02:22:40.299000
20120109,RURC2L_F,FRYING PAN - RUEDI RES. NR BASALT,3.5,88.0,90.3,16664.0,1061.0,100.0,2017-03-18T02:23:09.130000
20120110,RURC2L_F,FRYING PAN - RUEDI RES. NR BASALT,3.7,93.0,90.3,17717.0,2211.0,100.0,2017-03-18T02:23:39.415000
20120111,RURC2L_F,FRYING PAN - RUEDI RES. NR BASALT,3.7,93.0,90.3,17640.0,2163.0,100.0,2017-03-18T02:24:10.106000
20120112,RURC2L_F,FRYING PAN - RUEDI RES. NR BASALT,3.8,98.0,90.3,18517.0,3120.0,100.0,2017-03-18T02:24:41.203000
20120113,RURC2L_F,FRYING PAN - RUEDI RES. NR BASALT,3.8,97.0,90.3,18463.0,3252.0,100.0,2017-03-18T02:25:13.628000
20120114,RURC2L_F,FRYING PAN - RUEDI RES. NR BASALT,3.8,97.0,90.3,18381.0,3247.0,100.0,2017-03-18T02:25:46.726000
20120115,RURC2L_F,FRYING PAN - RUEDI RES. NR BASALT,3.8,96.0,90.3,18281.0,1705.0,100.0,2017-03-18T02:26:20.214000
20120116,RURC2L_F,FRYING PAN - RUEDI RES. NR BASALT,3.8,95.0,90.3,18101.0,1437.0,100.0,2017-03-18T02:26:53.202000
20120117,RURC2L_F,FRYING PAN - RUEDI RES. NR BASALT,4.5,115.0,90.3,21725.0,4008.0,100.0,2017-03-18T02:27:26.580000
20120118,RURC2L_F,FRYING PAN - RUEDI RES. NR BASALT,4.5,115.0,90.3,21753.0,4113.0,100.0,2017-03-18T02:28:00.724000
20120119,RURC2L_F,FRYING PAN - RUEDI RES. NR BASALT,4.5,114.0,90.3,21639.0,3122.0,100.0,2017-03-18T02:28:36.650000
20120120,RURC2L_F,FRYING PAN - RUEDI RES. NR BASALT,4.5,114.0,90.3,21545.0,3082.0,100.0,2017-03-18T02:29:11.248000
20120121,RURC2L_F,FRYING PAN - RUEDI RES. NR BASALT,4.6,117.0,90.3,22137.0,3756.0,100.0,2017-03-18T02:29:45.330000
20120122,RURC2L_F,FRYING PAN - RUEDI RES. NR BASALT,5.1,129.0,90.3,24515.0,6234.0,100.0,2017-03-18T02:30:24.053000
20120123,RURC2L_F,FRYING PAN - RUEDI RES. NR BASALT,5.5,140.0,90.3,26626.0,8525.0,100.0,2017-03-18T02:31:01.213000
20120124,RURC2L_F,FRYING PAN - RUEDI RES. NR BASALT,5.5,141.0,90.3,26651.0,4926.0,100.0,2017-03-18T02:31:39.279000
20120125,RURC2L_F,FRYING PAN - RUEDI RES. NR BASALT,5.7,146.0,90.3,27681.0,5928.0,100.0,2017-03-18T02:32:15.049000
20120126,RURC2L_F,FRYING PAN - RUEDI RES. NR BASALT,5.7,146.0,90.3,27634.0,5995.0,100.0,2017-03-18T02:32:51.615000
20120127,RURC2L_F,FRYING PAN - RUEDI RES. NR BASALT,5.8,148.0,90.3,28033.0,6488.0,100.0,2017-03-18T02:33:29.323000
20120128,RURC2L_F,FRYING PAN - RUEDI RES. NR BASALT,6.1,156.0,90.3,29509.0,7372.0,100.0,2017-03-18T02:34:03.467000
20120129,RURC2L_F,FRYING PAN - RUEDI RES. NR BASALT,6.1,155.0,90.3,29439.0,4924.0,100.0,2017-03-18T02:34:36.924000
20120130,RURC2L_F,FRYING PAN - RUEDI RES. NR BASALT,6.1,155.0,90.3,29363.0,2737.0,100.0,2017-03-18T02:35:10.318000
20120131,RURC2L_F,FRYING PAN - RUEDI RES. NR BASALT,6.1,154.0,90.3,29248.0,2597.0,100.0,2017-03-18T02:35:43.259000
20120201,RURC2L_F,FRYING PAN - RUEDI RES. NR BASALT,6.1,154.0,90.3,29177.0,1496.0,100.0,2017-03-18T02:36:15.778000
20120202,RURC2L_F,FRYING PAN - RUEDI RES. NR BASALT,6.0,154.0,90.3,29106.0,1472.0,100.0,2017-03-18T02:36:47.860000
20120203,RURC2L_F,FRYING PAN - RUEDI RES. NR BASALT,6.1,155.0,90.3,29374.0,1341.0,100.0,2017-03-18T02:37:19.238000
20120204,RURC2L_F,FRYING PAN - RUEDI RES. NR BASALT,6.1,155.0,90.3,29431.0,-78.0,100.0,2017-03-18T02:37:51.429000
20120205,RURC2L_F,FRYING PAN - RUEDI RES. NR BASALT,6.1,155.0,90.3,29403.0,-36.0,100.0,2017-03-18T02:38:23.886000
20120206,RURC2L_F,FRYING PAN - RUEDI RES. NR BASALT,6.1,155.0,90.3,29449.0,86.0,100.0,2017-03-18T02:38:56.014000
20120207,RURC2L_F,FRYING PAN - RUEDI RES. NR BASALT,6.3,161.0,90.3,30560.0,1312.0,100.0,2017-03-18T02:39:27.893000
20120208,RURC2L_F,FRYING PAN - RUEDI RES. NR BASALT,6.3,161.0,90.3,30507.0,1330.0,100.0,2017-03-18T02:40:01.240000
20120209,RURC2L_F,FRYING PAN - RUEDI RES. NR BASALT,6.3,161.0,90.3,30559.0,1453.0,100.0,2017-03-18T02:40:35.072000
20120210,RURC2L_F,FRYING PAN - RUEDI RES. NR BASALT,6.6,167.0,90.3,31716.0,2342.0,100.0,2017-03-18T02:41:09.045000
20120211,RURC2L_F,FRYING PAN - RUEDI RES. NR BASALT,6.6,169.0,90.3,32002.0,2571.0,100.0,2017-03-18T02:41:42.611000
20120212,RURC2L_F,FRYING PAN - RUEDI RES. NR BASALT,6.7,170.0,90.3,32217.0,2814.0,100.0,2017-03-18T02:42:17.818000
20120213,RURC2L_F,FRYING PAN - RUEDI RES. NR BASALT,6.8,172.0,90.3,32641.0,3192.0,100.0,2017-03-18T02:42:53.603000
20120214,RURC2L_F,FRYING PAN - RUEDI RES. NR BASALT,7.3,184.0,90.3,34944.0,4384.0,100.0,2017-03-18T02:43:32.435000
20120215,RURC2L_F,FRYING PAN - RUEDI RES. NR BASALT,7.2,182.0,90.3,34522.0,4015.0,100.0,2017-03-18T02:44:11.236000
20120216,RURC2L_F,FRYING PAN - RUEDI RES. NR BASALT,7.2,183.0,90.3,34637.0,4078.0,100.0,2017-03-18T02:44:48.256000
20120217,RURC2L_F,FRYING PAN - RUEDI RES. NR BASALT,7.2,184.0,90.3,34859.0,3143.0,100.0,2017-03-18T02:45:25.541000
20120218,RURC2L_F,FRYING PAN - RUEDI RES. NR BASALT,7.3,184.0,90.3,34948.0,2946.0,100.0,2017-03-18T02:45:59.795000
20120219,RURC2L_F,FRYING PAN - RUEDI RES. NR BASALT,7.3,184.0,90.3,34911.0,2694.0,100.0,2017-03-18T02:46:34.189000
20120220,RURC2L_F,FRYING PAN - RUEDI RES. NR BASALT,7.3,186.0,90.3,35255.0,2614.0,100.0,2017-03-18T02:47:09.474000
20120221,RURC2L_F,FRYING PAN - RUEDI RES. NR BASALT,7.6,192.0,90.3,36457.0,1513.0,100.0,2017-03-18T02:47:44.993000
20120222,RURC2L_F,FRYING PAN - RUEDI RES. NR BASALT,7.7,196.0,90.3,37090.0,2568.0,100.0,2017-03-18T02:48:20.404000
20120223,RURC2L_F,FRYING PAN - RUEDI RES. NR BASALT,8.0,202.0,90.3,38299.0,3662.0,100.0,2017-03-18T02:48:55.673000
20120224,RURC2L_F,FRYING PAN - RUEDI RES. NR BASALT,8.5,216.0,90.3,40909.0,6050.0,100.0,2017-03-18T02:49:30.036000
20120225,RURC2L_F,FRYING PAN - RUEDI RES. NR BASALT,8.5,216.0,90.3,40882.0,5934.0,100.0,2017-03-18T02:50:04.118000
20120226,RURC2L_F,FRYING PAN - RUEDI RES. NR BASALT,8.4,214.0,90.3,40652.0,5741.0,100.0,2017-03-18T02:50:39.185000
20120227,RURC2L_F,FRYING PAN - RUEDI RES. NR BASALT,8.4,214.0,90.3,40566.0,5311.0,100.0,2017-03-18T02:51:13.891000
20120228,RURC2L_F,FRYING PAN - RUEDI RES. NR BASALT,7.8,197.0,90.3,37315.0,858.0,100.0,2017-03-18T02:51:48.583000
20120229,RURC2L_F,FRYING PAN - RUEDI RES. NR BASALT,8.4,214.0,90.3,40574.0,3484.0,100.0,2017-03-18T02:52:25.493000
20120301,RURC2L_F,FRYING PAN - RUEDI RES. NR BASALT,8.5,217.0,90.3,41075.0,2776.0,100.0,2017-03-18T02:53:02.669000
20120302,RURC2L_F,FRYING PAN - RUEDI RES. NR BASALT,9.4,238.0,90.3,45177.0,4268.0,100.0,2017-03-18T02:53:38.845000
20120303,RURC2L_F,FRYING PAN - RUEDI RES. NR BASALT,9.4,239.0,90.3,45374.0,4492.0,100.0,2017-03-18T02:54:14.911000
20120304,RURC2L_F,FRYING PAN - RUEDI RES. NR BASALT,9.5,241.0,90.3,45749.0,5097.0,100.0,2017-03-18T02:54:51.118000
20120305,RURC2L_F,FRYING PAN - RUEDI RES. NR BASALT,9.5,242.0,90.3,45796.0,5230.0,100.0,2017-03-18T02:55:25.559000
20120306,RURC2L_F,FRYING PAN - RUEDI RES. NR BASALT,9.5,240.0,90.3,45540.0,8225.0,100.0,2017-03-18T02:55:59.641000
20120307,RURC2L_F,FRYING PAN - RUEDI RES. NR BASALT,9.1,231.0,90.3,43703.0,3129.0,100.0,2017-03-18T02:56:34.708000
20120308,RURC2L_F,FRYING PAN - RUEDI RES. NR BASALT,9.0,229.0,90.3,43365.0,2290.0,100.0,2017-03-18T02:57:07.227000
20120309,RURC2L_F,FRYING PAN - RUEDI RES. NR BASALT,9.0,228.0,90.3,43242.0,-1935.0,100.0,2017-03-18T02:57:39.996000
20120310,RURC2L_F,FRYING PAN - RUEDI RES. NR BASALT,8.9,227.0,90.3,43016.0,-2358.0,100.0,2017-03-18T02:58:11.671000
20120311,RURC2L_F,FRYING PAN - RUEDI RES. NR BASALT,8.9,225.0,90.3,42692.0,-3057.0,100.0,2017-03-18T02:58:43.174000
20120312,RURC2L_F,FRYING PAN - RUEDI RES. NR BASALT,8.8,223.0,90.3,42345.0,-3451.0,100.0,2017-03-18T02:59:15.334000
20120313,RURC2L_F,FRYING PAN - RUEDI RES. NR BASALT,8.7,221.0,90.3,41866.0,-3674.0,100.0,2017-03-18T02:59:45.885000
20120314,RURC2L_F,FRYING PAN - RUEDI RES. NR BASALT,8.8,223.0,90.3,42186.0,-1517.0,100.0,2017-03-18T03:00:17.497000
20120315,RURC2L_F,FRYING PAN - RUEDI RES. NR BASALT,8.5,216.0,90.3,41011.0,-2354.0,100.0,2017-03-18T03:00:48.454000
20120316,RURC2L_F,FRYING PAN - RUEDI RES. NR BASALT,8.3,210.0,90.3,39726.0,-3516.0,100.0,2017-03-18T03:01:19.817000
20120317,RURC2L_F,FRYING PAN - RUEDI RES. NR BASALT,7.7,197.0,90.3,37274.0,-5742.0,100.0,2017-03-18T03:01:50.367000
20120318,RURC2L_F,FRYING PAN - RUEDI RES. NR BASALT,7.1,179.0,90.3,34019.0,-8673.0,100.0,2017-03-18T03:02:21.245000
20120319,RURC2L_F,FRYING PAN - RUEDI RES. NR BASALT,7.0,178.0,90.3,33815.0,-8530.0,100.0,2017-03-18T03:02:53.577000
20120320,RURC2L_F,FRYING PAN - RUEDI RES. NR BASALT,7.5,190.0,90.3,36001.0,-5865.0,100.0,2017-03-18T03:03:26.487000
20120321,RURC2L_F,FRYING PAN - RUEDI RES. NR BASALT,7.4,189.0,90.3,35853.0,-6333.0,100.0,2017-03-18T03:03:59.271000
20120322,RURC2L_F,FRYING PAN - RUEDI RES. NR BASALT,7.4,187.0,90.3,35471.0,-5540.0,100.0,2017-03-18T03:04:32.103000
20120323,RURC2L_F,FRYING PAN - RUEDI RES. NR BASALT,7.2,183.0,90.3,34681.0,-5045.0,100.0,2017-03-18T03:05:01.669000
20120324,RURC2L_F,FRYING PAN - RUEDI RES. NR BASALT,6.8,172.0,90.3,32562.0,-4712.0,98.99,2017-03-18T03:05:30.734000
20120325,RURC2L_F,FRYING PAN - RUEDI RES. NR BASALT,6.2,158.0,90.3,29974.0,-4045.0,98.26,2017-03-18T03:05:58.831000
20120326,RURC2L_F,FRYING PAN - RUEDI RES. NR BASALT,5.5,139.0,90.3,26365.0,-7450.0,95.78,2017-03-18T03:06:28.209000
20120327,RURC2L_F,FRYING PAN - RUEDI RES. NR BASALT,5.3,134.0,90.3,25399.0,-10602.0,94.04,2017-03-18T03:06:58.150000
20120328,RURC2L_F,FRYING PAN - RUEDI RES. NR BASALT,5.0,126.0,90.3,23878.0,-11975.0,92.2,2017-03-18T03:07:27.419000
20120329,RURC2L_F,FRYING PAN - RUEDI RES. NR BASALT,4.9,124.0,90.3,23484.0,-11987.0,89.82,2017-03-18T03:07:57.031000
20120330,RURC2L_F,FRYING PAN - RUEDI RES. NR BASALT,4.5,115.0,90.3,21787.0,-12894.0,89.08,2017-03-18T03:08:26.128000
20120331,RURC2L_F,FRYING PAN - RUEDI RES. NR BASALT,4.3,109.0,90.3,20612.0,-11950.0,87.34,2017-03-18T03:08:56.444000
20120401,RURC2L_F,FRYING PAN - RUEDI RES. NR BASALT,3.7,93.0,90.3,17668.0,-12306.0,82.84,2017-03-18T03:09:25.635000
20120402,RURC2L_F,FRYING PAN - RUEDI RES. NR BASALT,3.1,80.0,90.3,15148.0,-11217.0,76.79,2017-03-18T03:09:55.404000
20120403,RURC2L_F,FRYING PAN - RUEDI RES. NR BASALT,3.6,92.0,90.3,17477.0,-7922.0,97.61,2017-03-18T03:10:25.391000
20120404,RURC2L_F,FRYING PAN - RUEDI RES. NR BASALT,3.5,89.0,90.3,16935.0,-6943.0,96.79,2017-03-18T03:10:55.207000
20120405,RURC2L_F,FRYING PAN - RUEDI RES. NR BASALT,3.3,83.0,90.3,15793.0,-7691.0,89.45,2017-03-18T03:11:25.147000
20120406,RURC2L_F,FRYING PAN - RUEDI RES. NR BASALT,3.1,78.0,90.3,14811.0,-6976.0,78.07,2017-03-18T03:11:54.713000
20120407,RURC2L_F,FRYING PAN - RUEDI RES. NR BASALT,2.8,72.0,90.3,13578.0,-7034.0,76.88,2017-03-18T03:12:24.107000
20120408,RURC2L_F,FRYING PAN - RUEDI RES. NR BASALT,2.7,68.0,90.3,12981.0,-4687.0,76.24,2017-03-18T03:12:53.126000
20120409,RURC2L_F,FRYING PAN - RUEDI RES. NR BASALT,2.5,63.0,90.3,11977.0,-3171.0,73.49,2017-03-18T03:13:21.425000
20120410,RURC2L_F,FRYING PAN - RUEDI RES. NR BASALT,2.4,61.0,90.3,11631.0,-5846.0,74.86,2017-03-18T03:13:48.444000
20120411,RURC2L_F,FRYING PAN - RUEDI RES. NR BASALT,2.0,50.0,90.3,9568.0,-7367.0,70.46,2017-03-18T03:14:16.056000
20120412,RURC2L_F,FRYING PAN - RUEDI RES. NR BASALT,1.5,38.0,90.3,7273.0,-8520.0,65.69,2017-03-18T03:14:44.106000
20120413,RURC2L_F,FRYING PAN - RUEDI RES. NR BASALT,1.4,37.0,90.3,6967.0,-7844.0,67.06,2017-03-18T03:15:13.984000
20120414,RURC2L_F,FRYING PAN - RUEDI RES. NR BASALT,1.4,37.0,90.3,6938.0,-6640.0,86.79,2017-03-18T03:15:43.113000
20120415,RURC2L_F,FRYING PAN - RUEDI RES. NR BASALT,1.7,43.0,90.3,8099.0,-4882.0,100.0,2017-03-18T03:16:12.178000
20120416,RURC2L_F,FRYING PAN - RUEDI RES. NR BASALT,2.3,58.0,90.3,10966.0,-1011.0,100.0,2017-03-18T03:16:42.541000
20120417,RURC2L_F,FRYING PAN - RUEDI RES. NR BASALT,2.8,71.0,90.3,13521.0,1890.0,100.0,2017-03-18T03:17:11.857000
20120418,RURC2L_F,FRYING PAN - RUEDI RES. NR BASALT,2.7,69.0,90.3,13076.0,3508.0,100.0,2017-03-18T03:17:39.703000
20120419,RURC2L_F,FRYING PAN - RUEDI RES. NR BASALT,2.5,63.0,90.3,11940.0,4667.0,99.17,2017-03-18T03:18:08.644000
20120420,RURC2L_F,FRYING PAN - RUEDI RES. NR BASALT,2.8,71.0,90.3,13446.0,6479.0,98.07,2017-03-18T03:18:37.241000
20120421,RURC2L_F,FRYING PAN - RUEDI RES. NR BASALT,2.6,65.0,90.3,12364.0,5426.0,92.02,2017-03-18T03:19:04.103000
20120422,RURC2L_F,FRYING PAN - RUEDI RES. NR BASALT,2.1,54.0,90.3,10227.0,2128.0,84.86,2017-03-18T03:19:31.169000
20120423,RURC2L_F,FRYING PAN - RUEDI RES. NR BASALT,1.7,43.0,90.3,8160.0,-2806.0,66.97,2017-03-18T03:19:58.250000
20120424,RURC2L_F,FRYING PAN - RUEDI RES. NR BASALT,1.3,33.0,90.3,6337.0,-7184.0,61.93,2017-03-18T03:20:25.425000
20120425,RURC2L_F,FRYING PAN - RUEDI RES. NR BASALT,1.1,28.0,90.3,5350.0,-7726.0,55.32,2017-03-18T03:20:53.021000
20120426,RURC2L_F,FRYING PAN - RUEDI RES. NR BASALT,0.9,22.0,90.3,4225.0,-7715.0,48.17,2017-03-18T03:21:19.274000
20120427,RURC2L_F,FRYING PAN - RUEDI RES. NR BASALT,0.7,18.0,90.3,3345.0,-10101.0,51.01,2017-03-18T03:21:47.121000
20120428,RURC2L_F,FRYING PAN - RUEDI RES. NR BASALT,0.9,23.0,90.3,4332.0,-8032.0,73.49,2017-03-18T03:22:15.218000
20120429,RURC2L_F,FRYING PAN - RUEDI RES. NR BASALT,0.8,21.0,90.3,4054.0,-6173.0,63.85,2017-03-18T03:22:42.924000
20120430,RURC2L_F,FRYING PAN - RUEDI RES. NR BASALT,0.8,19.0,90.3,3681.0,-4479.0,55.87,2017-03-18T03:23:09.630000
20120501,RURC2L_F,FRYING PAN - RUEDI RES. NR BASALT,0.6,16.0,90.3,3042.0,-3295.0,44.13,2017-03-18T03:23:37.211000
20120502,RURC2L_F,FRYING PAN - RUEDI RES. NR BASALT,0.6,16.0,90.3,3008.0,-2342.0,39.82,2017-03-18T03:24:04.042000
20120503,RURC2L_F,FRYING PAN - RUEDI RES. NR BASALT,0.5,14.0,90.3,2606.0,-1619.0,36.88,2017-03-18T03:24:30.608000
20120504,RURC2L_F,FRYING PAN - RUEDI RES. NR BASALT,0.4,11.0,90.3,2109.0,-1236.0,30.18,2017-03-18T03:24:58.423000
20120505,RURC2L_F,FRYING PAN - RUEDI RES. NR BASALT,0.4,9.0,90.3,1750.0,-2582.0,23.94,2017-03-18T03:25:25.457000
20120506,RURC2L_F,FRYING PAN - RUEDI RES. NR BASALT,0.3,8.0,90.3,1516.0,-2538.0,22.84,2017-03-18T03:25:53.523000
20120507,RURC2L_F,FRYING PAN - RUEDI RES. NR BASALT,0.3,7.0,90.3,1414.0,-2267.0,21.38,2017-03-18T03:26:20.182000
20120508,RURC2L_F,FRYING PAN - RUEDI RES. NR BASALT,0.6,16.0,90.3,3098.0,56.0,81.01,2017-03-18T03:26:47.529000
20120509,RURC2L_F,FRYING PAN - RUEDI RES. NR BASALT,0.5,14.0,90.3,2624.0,-384.0,68.72,2017-03-18T03:27:14.454000
20120510,RURC2L_F,FRYING PAN - RUEDI RES. NR BASALT,0.4,10.0,90.3,1989.0,-617.0,42.94,2017-03-18T03:27:41.050000
20120511,RURC2L_F,FRYING PAN - RUEDI RES. NR BASALT,0.3,8.0,90.3,1595.0,-514.0,28.9,2017-03-18T03:28:07.600000
20120512,RURC2L_F,FRYING PAN - RUEDI RES. NR BASALT,0.4,9.0,90.3,1707.0,-43.0,24.68,2017-03-18T03:28:33.399000
20120513,RURC2L_F,FRYING PAN - RUEDI RES. NR BASALT,0.3,8.0,90.3,1573.0,57.0,21.1,2017-03-18T03:28:58.746000
20120514,RURC2L_F,FRYING PAN - RUEDI RES. NR BASALT,0.3,8.0,90.3,1530.0,116.0,21.01,2017-03-18T03:29:24.092000
20120515,RURC2L_F,FRYING PAN - RUEDI RES. NR BASALT,0.3,7.0,90.3,1377.0,-1721.0,18.44,2017-03-18T03:29:49.923000
20120516,RURC2L_F,FRYING PAN - RUEDI RES. NR BASALT,0.3,6.0,90.3,1218.0,-1406.0,16.88,2017-03-18T03:30:16.192000
20120517,RURC2L_F,FRYING PAN - RUEDI RES. NR BASALT,0.2,6.0,90.3,1069.0,-920.0,14.86,2017-03-18T03:30:41.195000
20120518,RURC2L_F,FRYING PAN - RUEDI RES. NR BASALT,0.2,5.0,90.3,925.0,-670.0,14.13,2017-03-18T03:31:06.541000
20120519,RURC2L_F,FRYING PAN - RUEDI RES. NR BASALT,0.2,4.0,90.3,767.0,-940.0,13.3,2017-03-18T03:31:32.653000
20120520,RURC2L_F,FRYING PAN - RUEDI RES. NR BASALT,0.2,6.0,90.3,1171.0,-402.0,40.18,2017-03-18T03:31:57.781000
20120521,RURC2L_F,FRYING PAN - RUEDI RES. NR BASALT,0.2,5.0,90.3,914.0,-616.0,23.58,2017-03-18T03:32:23.237000
20120522,RURC2L_F,FRYING PAN - RUEDI RES. NR BASALT,0.1,4.0,90.3,679.0,-698.0,13.21,2017-03-18T03:32:49.959000
20120523,RURC2L_F,FRYING PAN - RUEDI RES. NR BASALT,0.1,3.0,90.3,499.0,-719.0,9.27,2017-03-18T03:33:16.696000
20120524,RURC2L_F,FRYING PAN - RUEDI RES. NR BASALT,0.2,6.0,90.3,1077.0,8.0,85.32,2017-03-18T03:33:42.996000
20120525,RURC2L_F,FRYING PAN - RUEDI RES. NR BASALT,0.2,6.0,90.3,1058.0,133.0,65.87,2017-03-18T03:34:10.295000
20120526,RURC2L_F,FRYING PAN - RUEDI RES. NR BASALT,0.1,2.0,90.3,410.0,-357.0,7.52,2017-03-18T03:34:37.251000
20120527,RURC2L_F,FRYING PAN - RUEDI RES. NR BASALT,0.1,2.0,90.3,301.0,-870.0,6.42,2017-03-18T03:35:05.489000
20120528,RURC2L_F,FRYING PAN - RUEDI RES. NR BASALT,0.1,2.0,90.3,286.0,-628.0,6.42,2017-03-18T03:35:33.758000
20120529,RURC2L_F,FRYING PAN - RUEDI RES. NR BASALT,0.1,1.0,90.3,272.0,-407.0,6.42,2017-03-18T03:36:00.557000
20120530,RURC2L_F,FRYING PAN - RUEDI RES. NR BASALT,0.1,1.0,90.3,254.0,-245.0,6.33,2017-03-18T03:36:27.763000
20120531,RURC2L_F,FRYING PAN - RUEDI RES. NR BASALT,0.0,1.0,90.3,230.0,-847.0,6.33,2017-03-18T03:36:53.328000
20120601,RURC2L_F,FRYING PAN - RUEDI RES. NR BASALT,0.0,1.0,90.3,190.0,-868.0,5.41,2017-03-18T03:37:19.800000
20120602,RURC2L_F,FRYING PAN - RUEDI RES. NR BASALT,0.0,1.0,90.3,129.0,-281.0,5.14,2017-03-18T03:37:45.865000
20120603,RURC2L_F,FRYING PAN - RUEDI RES. NR BASALT,0.0,0.0,90.3,68.0,-233.0,4.31,2017-03-18T03:38:11.884000
20120604,RURC2L_F,FRYING PAN - RUEDI RES. NR BASALT,0.0,0.0,90.3,25.0,-261.0,3.03,2017-03-18T03:38:37.574000
20120605,RURC2L_F,FRYING PAN - RUEDI RES. NR BASALT,0.0,0.0,90.3,1.0,-271.0,0.46,2017-03-18T03:39:03.280000
20120606,RURC2L_F,FRYING PAN - RUEDI RES. NR BASALT,0.0,0.0,90.3,0.0,-254.0,0.0,2017-03-18T03:39:29.642000
20120607,RURC2L_F,FRYING PAN - RUEDI RES. NR BASALT,0.0,0.0,90.3,0.0,-230.0,0.0,2017-03-18T03:39:57.005000
20120608,RURC2L_F,FRYING PAN - RUEDI RES. NR BASALT,0.0,0.0,90.3,0.0,-190.0,0.0,2017-03-18T03:40:23.086000
20120609,RURC2L_F,FRYING PAN - RUEDI RES. NR BASALT,0.0,0.0,90.3,0.0,-129.0,0.0,2017-03-18T03:40:48.307000
20120610,RURC2L_F,FRYING PAN - RUEDI RES. NR BASALT,0.0,0.0,90.3,0.0,-68.0,0.0,2017-03-18T03:41:15.091000
20120611,RURC2L_F,FRYING PAN - RUEDI RES. NR BASALT,0.0,0.0,90.3,0.0,-25.0,0.0,2017-03-18T03:41:42.016000
20120612,RURC2L_F,FRYING PAN - RUEDI RES. NR BASALT,0.0,0.0,90.3,0.0,-1.0,0.0,2017-03-18T03:42:07.128000
20120613,RURC2L_F,FRYING PAN - RUEDI RES. NR BASALT,0.0,0.0,90.3,0.0,0.0,0.0,2017-03-18T03:42:32.772000
20120614,RURC2L_F,FRYING PAN - RUEDI RES. NR BASALT,0.0,0.0,90.3,0.0,0.0,0.0,2017-03-18T03:42:58.087000
20120615,RURC2L_F,FRYING PAN - RUEDI RES. NR BASALT,0.0,0.0,90.3,0.0,0.0,0.0,2017-03-18T03:43:24.762000
20120616,RURC2L_F,FRYING PAN - RUEDI RES. NR BASALT,0.0,0.0,90.3,0.0,0.0,0.0,2017-03-18T03:43:49.655000
20120617,RURC2L_F,FRYING PAN - RUEDI RES. NR BASALT,0.0,0.0,90.3,0.0,0.0,0.0,2017-03-18T03:44:14.361000
20120618,RURC2L_F,FRYING PAN - RUEDI RES. NR BASALT,0.0,0.0,90.3,0.0,0.0,0.0,2017-03-18T03:44:39.051000
20120619,RURC2L_F,FRYING PAN - RUEDI RES. NR BASALT,0.0,0.0,90.3,0.0,0.0,0.0,2017-03-18T03:45:03.866000
20120620,RURC2L_F,FRYING PAN - RUEDI RES. NR BASALT,0.0,0.0,90.3,0.0,0.0,0.0,2017-03-18T03:45:28.791000
20120621,RURC2L_F,FRYING PAN - RUEDI RES. NR BASALT,0.0,0.0,90.3,0.0,0.0,0.0,2017-03-18T03:45:53.575000
20120622,RURC2L_F,FRYING PAN - RUEDI RES. NR BASALT,0.0,0.0,90.3,0.0,0.0,0.0,2017-03-18T03:46:17.937000
20120623,RURC2L_F,FRYING PAN - RUEDI RES. NR BASALT,0.0,0.0,90.3,0.0,0.0,0.0,2017-03-18T03:46:42.643000
20120624,RURC2L_F,FRYING PAN - RUEDI RES. NR BASALT,0.0,0.0,90.3,0.0,0.0,0.0,2017-03-18T03:47:07.208000
20120625,RURC2L_F,FRYING PAN - RUEDI RES. NR BASALT,0.0,0.0,90.3,0.0,0.0,0.0,2017-03-18T03:47:32.648000
20120626,RURC2L_F,FRYING PAN - RUEDI RES. NR BASALT,0.0,0.0,90.3,0.0,0.0,0.0,2017-03-18T03:47:57.400000
20120627,RURC2L_F,FRYING PAN - RUEDI RES. NR BASALT,0.0,0.0,90.3,0.0,0.0,0.0,2017-03-18T03:48:22.622000
20120628,RURC2L_F,FRYING PAN - RUEDI RES. NR BASALT,0.0,0.0,90.3,0.0,0.0,0.0,2017-03-18T03:48:47.156000
20120629,RURC2L_F,FRYING PAN - RUEDI RES. NR BASALT,0.0,0.0,90.3,0.0,0.0,0.0,2017-03-18T03:49:11.846000
20120630,RURC2L_F,FRYING PAN - RUEDI RES. NR BASALT,0.0,0.0,90.3,0.0,0.0,0.0,2017-03-18T03:49:36.646000
20120701,RURC2L_F,FRYING PAN - RUEDI RES. NR BASALT,0.0,0.0,90.3,0.0,0.0,0.0,2017-03-18T03:50:02.086000
20120702,RURC2L_F,FRYING PAN - RUEDI RES. NR BASALT,0.0,0.0,90.3,0.0,0.0,0.0,2017-03-18T03:50:27.104000
20120703,RURC2L_F,FRYING PAN - RUEDI RES. NR BASALT,0.0,0.0,90.3,0.0,0.0,0.0,2017-03-18T03:50:51.779000
20120704,RURC2L_F,FRYING PAN - RUEDI RES. NR BASALT,0.0,0.0,90.3,0.0,0.0,0.0,2017-03-18T03:51:18.250000
20120705,RURC2L_F,FRYING PAN - RUEDI RES. NR BASALT,0.0,0.0,90.3,0.0,0.0,0.0,2017-03-18T03:51:43.456000
20120706,RURC2L_F,FRYING PAN - RUEDI RES. NR BASALT,0.0,0.0,90.3,0.0,0.0,0.0,2017-03-18T03:52:08.662000
20120707,RURC2L_F,FRYING PAN - RUEDI RES. NR BASALT,0.0,0.0,90.3,0.0,0.0,0.0,2017-03-18T03:52:33.962000
20120708,RURC2L_F,FRYING PAN - RUEDI RES. NR BASALT,0.0,0.0,90.3,0.0,0.0,0.0,2017-03-18T03:52:58.542000
20120709,RURC2L_F,FRYING PAN - RUEDI RES. NR BASALT,0.0,0.0,90.3,0.0,0.0,0.0,2017-03-18T03:53:23.404000
20120710,RURC2L_F,FRYING PAN - RUEDI RES. NR BASALT,0.0,0.0,90.3,0.0,0.0,0.0,2017-03-18T03:53:48.407000
20120711,RURC2L_F,FRYING PAN - RUEDI RES. NR BASALT,0.0,0.0,90.3,0.0,0.0,0.0,2017-03-18T03:54:15.379000
20120712,RURC2L_F,FRYING PAN - RUEDI RES. NR BASALT,0.0,0.0,90.3,0.0,0.0,0.0,2017-03-18T03:54:43.085000
20120713,RURC2L_F,FRYING PAN - RUEDI RES. NR BASALT,0.0,0.0,90.3,0.0,0.0,0.0,2017-03-18T03:55:08.884000
20120714,RURC2L_F,FRYING PAN - RUEDI RES. NR BASALT,0.0,0.0,90.3,0.0,0.0,0.0,2017-03-18T03:55:35.200000
20120715,RURC2L_F,FRYING PAN - RUEDI RES. NR BASALT,0.0,0.0,90.3,0.0,0.0,0.0,2017-03-18T03:56:03.062000
20120716,RURC2L_F,FRYING PAN - RUEDI RES. NR BASALT,0.0,0.0,90.3,0.0,0.0,0.0,2017-03-18T03:56:29.690000
20120717,RURC2L_F,FRYING PAN - RUEDI RES. NR BASALT,0.0,0.0,90.3,0.0,0.0,0.0,2017-03-18T03:56:54.536000
20120718,RURC2L_F,FRYING PAN - RUEDI RES. NR BASALT,0.0,0.0,90.3,0.0,0.0,0.0,2017-03-18T03:57:19.273000
20120719,RURC2L_F,FRYING PAN - RUEDI RES. NR BASALT,0.0,0.0,90.3,0.0,0.0,0.0,2017-03-18T03:57:43.589000
20120720,RURC2L_F,FRYING PAN - RUEDI RES. NR BASALT,0.0,0.0,90.3,0.0,0.0,0.0,2017-03-18T03:58:08.029000
20120721,RURC2L_F,FRYING PAN - RUEDI RES. NR BASALT,0.0,0.0,90.3,0.0,0.0,0.0,2017-03-18T03:58:33.235000
20120722,RURC2L_F,FRYING PAN - RUEDI RES. NR BASALT,0.0,0.0,90.3,0.0,0.0,0.0,2017-03-18T03:58:58.237000
20120723,RURC2L_F,FRYING PAN - RUEDI RES. NR BASALT,0.0,0.0,90.3,0.0,0.0,0.0,2017-03-18T03:59:22.646000
20120724,RURC2L_F,FRYING PAN - RUEDI RES. NR BASALT,0.0,0.0,90.3,0.0,0.0,0.0,2017-03-18T03:59:47.821000
20120725,RURC2L_F,FRYING PAN - RUEDI RES. NR BASALT,0.0,0.0,90.3,0.0,0.0,0.0,2017-03-18T04:00:12.370000
20120726,RURC2L_F,FRYING PAN - RUEDI RES. NR BASALT,0.0,0.0,90.3,0.0,0.0,0.0,2017-03-18T04:00:37.920000
20120727,RURC2L_F,FRYING PAN - RUEDI RES. NR BASALT,0.0,0.0,90.3,0.0,0.0,0.0,2017-03-18T04:01:05.501000
20120728,RURC2L_F,FRYING PAN - RUEDI RES. NR BASALT,0.0,0.0,90.3,0.0,0.0,0.0,2017-03-18T04:01:30.707000
20120729,RURC2L_F,FRYING PAN - RUEDI RES. NR BASALT,0.0,0.0,90.3,0.0,0.0,0.0,2017-03-18T04:01:55.038000
20120730,RURC2L_F,FRYING PAN - RUEDI RES. NR BASALT,0.0,0.0,90.3,0.0,0.0,0.0,2017-03-18T04:02:19.790000
20120731,RURC2L_F,FRYING PAN - RUEDI RES. NR BASALT,0.0,0.0,90.3,0.0,0.0,0.0,2017-03-18T04:02:44.652000
20120801,RURC2L_F,FRYING PAN - RUEDI RES. NR BASALT,0.0,0.0,90.3,0.0,0.0,0.0,2017-03-18T04:03:09.874000
20120802,RURC2L_F,FRYING PAN - RUEDI RES. NR BASALT,0.0,0.0,90.3,0.0,0.0,0.0,2017-03-18T04:03:34.830000
20120803,RURC2L_F,FRYING PAN - RUEDI RES. NR BASALT,0.0,0.0,90.3,0.0,0.0,0.0,2017-03-18T04:04:00.520000
20120804,RURC2L_F,FRYING PAN - RUEDI RES. NR BASALT,0.0,0.0,90.3,0.0,0.0,0.0,2017-03-18T04:04:25.976000
20120805,RURC2L_F,FRYING PAN - RUEDI RES. NR BASALT,0.0,0.0,90.3,0.0,0.0,0.0,2017-03-18T04:04:50.150000
20120806,RURC2L_F,FRYING PAN - RUEDI RES. NR BASALT,0.0,0.0,90.3,0.0,0.0,0.0,2017-03-18T04:05:15.294000
20120807,RURC2L_F,FRYING PAN - RUEDI RES. NR BASALT,0.0,0.0,90.3,0.0,0.0,0.0,2017-03-18T04:05:39.999000
20120808,RURC2L_F,FRYING PAN - RUEDI RES. NR BASALT,0.0,0.0,90.3,0.0,0.0,0.0,2017-03-18T04:06:04.502000
20120809,RURC2L_F,FRYING PAN - RUEDI RES. NR BASALT,0.0,0.0,90.3,0.0,0.0,0.0,2017-03-18T04:06:29.880000
20120810,RURC2L_F,FRYING PAN - RUEDI RES. NR BASALT,0.0,0.0,90.3,0.0,0.0,0.0,2017-03-18T04:06:55.273000
20120811,RURC2L_F,FRYING PAN - RUEDI RES. NR BASALT,0.0,0.0,90.3,0.0,0.0,0.0,2017-03-18T04:07:20.057000
20120812,RURC2L_F,FRYING PAN - RUEDI RES. NR BASALT,0.0,0.0,90.3,0.0,0.0,0.0,2017-03-18T04:07:45.419000
20120813,RURC2L_F,FRYING PAN - RUEDI RES. NR BASALT,0.0,0.0,90.3,0.0,0.0,0.0,2017-03-18T04:08:11.110000
20120814,RURC2L_F,FRYING PAN - RUEDI RES. NR BASALT,0.0,0.0,90.3,0.0,0.0,0.0,2017-03-18T04:08:35.909000
20120815,RURC2L_F,FRYING PAN - RUEDI RES. NR BASALT,0.0,0.0,90.3,0.0,0.0,0.0,2017-03-18T04:09:00.021000
20120816,RURC2L_F,FRYING PAN - RUEDI RES. NR BASALT,0.0,0.0,90.3,0.0,0.0,0.0,2017-03-18T04:09:23.977000
20120817,RURC2L_F,FRYING PAN - RUEDI RES. NR BASALT,0.0,0.0,90.3,0.0,0.0,0.0,2017-03-18T04:09:48.901000
20120818,RURC2L_F,FRYING PAN - RUEDI RES. NR BASALT,0.0,0.0,90.3,0.0,0.0,0.0,2017-03-18T04:10:13.482000
20120819,RURC2L_F,FRYING PAN - RUEDI RES. NR BASALT,0.0,0.0,90.3,0.0,0.0,0.0,2017-03-18T04:10:37.860000
20120820,RURC2L_F,FRYING PAN - RUEDI RES. NR BASALT,0.0,0.0,90.3,0.0,0.0,0.0,2017-03-18T04:11:02.003000
20120821,RURC2L_F,FRYING PAN - RUEDI RES. NR BASALT,0.0,0.0,90.3,0.0,0.0,0.0,2017-03-18T04:11:25.693000
20120822,RURC2L_F,FRYING PAN - RUEDI RES. NR BASALT,0.0,0.0,90.3,0.0,0.0,0.0,2017-03-18T04:11:49.915000
20120823,RURC2L_F,FRYING PAN - RUEDI RES. NR BASALT,0.0,0.0,90.3,0.0,0.0,0.0,2017-03-18T04:12:14.448000
20120824,RURC2L_F,FRYING PAN - RUEDI RES. NR BASALT,0.0,0.0,90.3,0.0,0.0,0.0,2017-03-18T04:12:38.857000
20120825,RURC2L_F,FRYING PAN - RUEDI RES. NR BASALT,0.0,0.0,90.3,0.0,0.0,0.0,2017-03-18T04:13:03.001000
20120826,RURC2L_F,FRYING PAN - RUEDI RES. NR BASALT,0.0,0.0,90.3,0.0,0.0,0.0,2017-03-18T04:13:28.441000
20120827,RURC2L_F,FRYING PAN - RUEDI RES. NR BASALT,0.0,0.0,90.3,0.0,0.0,0.0,2017-03-18T04:13:52.490000
20120828,RURC2L_F,FRYING PAN - RUEDI RES. NR BASALT,0.0,0.0,90.3,0.0,0.0,0.0,2017-03-18T04:14:16.399000
20120829,RURC2L_F,FRYING PAN - RUEDI RES. NR BASALT,0.0,0.0,90.3,0.0,0.0,0.0,2017-03-18T04:14:40.292000
20120830,RURC2L_F,FRYING PAN - RUEDI RES. NR BASALT,0.0,0.0,90.3,0.0,0.0,0.0,2017-03-18T04:15:05.061000
20120831,RURC2L_F,FRYING PAN - RUEDI RES. NR BASALT,0.0,0.0,90.3,0.0,0.0,0.0,2017-03-18T04:15:29.391000
20120901,RURC2L_F,FRYING PAN - RUEDI RES. NR BASALT,0.0,0.0,90.3,0.0,0.0,0.0,2017-03-18T04:15:54.535000
20120902,RURC2L_F,FRYING PAN - RUEDI RES. NR BASALT,0.0,0.0,90.3,0.0,0.0,0.0,2017-03-18T04:16:18.647000
20120903,RURC2L_F,FRYING PAN - RUEDI RES. NR BASALT,0.0,0.0,90.3,0.0,0.0,0.0,2017-03-18T04:16:42.587000
20120904,RURC2L_F,FRYING PAN - RUEDI RES. NR BASALT,0.0,0.0,90.3,0.0,0.0,0.0,2017-03-18T04:17:06.683000
20120905,RURC2L_F,FRYING PAN - RUEDI RES. NR BASALT,0.0,0.0,90.3,0.0,0.0,0.0,2017-03-18T04:17:30.905000
20120906,RURC2L_F,FRYING PAN - RUEDI RES. NR BASALT,0.0,0.0,90.3,0.0,0.0,0.0,2017-03-18T04:17:55.798000
20120907,RURC2L_F,FRYING PAN - RUEDI RES. NR BASALT,0.0,0.0,90.3,0.0,0.0,0.0,2017-03-18T04:18:19.847000
20120908,RURC2L_F,FRYING PAN - RUEDI RES. NR BASALT,0.0,0.0,90.3,0.0,0.0,0.0,2017-03-18T04:18:45.022000
20120909,RURC2L_F,FRYING PAN - RUEDI RES. NR BASALT,0.0,0.0,90.3,0.0,0.0,0.0,2017-03-18T04:19:09.884000
20120910,RURC2L_F,FRYING PAN - RUEDI RES. NR BASALT,0.0,0.0,90.3,0.0,0.0,0.0,2017-03-18T04:19:34.199000
20120911,RURC2L_F,FRYING PAN - RUEDI RES. NR BASALT,0.0,0.0,90.3,0.0,0.0,0.0,2017-03-18T04:19:58.499000
20120912,RURC2L_F,FRYING PAN - RUEDI RES. NR BASALT,0.0,0.0,90.3,0.0,0.0,0.0,2017-03-18T04:20:23.955000
20120913,RURC2L_F,FRYING PAN - RUEDI RES. NR BASALT,0.0,0.0,90.3,0.0,0.0,0.0,2017-03-18T04:20:48.629000
20120914,RURC2L_F,FRYING PAN - RUEDI RES. NR BASALT,0.0,0.0,90.3,0.0,0.0,0.0,2017-03-18T04:21:12.538000
20120915,RURC2L_F,FRYING PAN - RUEDI RES. NR BASALT,0.0,0.0,90.3,0.0,0.0,0.0,2017-03-18T04:21:35.822000
20120916,RURC2L_F,FRYING PAN - RUEDI RES. NR BASALT,0.0,0.0,90.3,0.0,0.0,0.0,2017-03-18T04:21:59.668000
20120917,RURC2L_F,FRYING PAN - RUEDI RES. NR BASALT,0.0,0.0,90.3,0.0,0.0,0.0,2017-03-18T04:22:24.593000
20120918,RURC2L_F,FRYING PAN - RUEDI RES. NR BASALT,0.0,0.0,90.3,0.0,0.0,0.0,2017-03-18T04:22:50.220000
20120919,RURC2L_F,FRYING PAN - RUEDI RES. NR BASALT,0.0,0.0,90.3,0.0,0.0,0.0,2017-03-18T04:23:15.879000
20120920,RURC2L_F,FRYING PAN - RUEDI RES. NR BASALT,0.0,0.0,90.3,0.0,0.0,0.0,2017-03-18T04:23:39.804000
20120921,RURC2L_F,FRYING PAN - RUEDI RES. NR BASALT,0.0,0.0,90.3,0.0,0.0,0.0,2017-03-18T04:24:03.619000
20120922,RURC2L_F,FRYING PAN - RUEDI RES. NR BASALT,0.0,0.0,90.3,0.0,0.0,0.0,2017-03-18T04:24:26.965000
20120923,RURC2L_F,FRYING PAN - RUEDI RES. NR BASALT,0.0,0.0,90.3,0.0,0.0,0.0,2017-03-18T04:24:51.249000
20120924,RURC2L_F,FRYING PAN - RUEDI RES. NR BASALT,0.0,0.0,90.3,0.0,0.0,0.0,2017-03-18T04:25:14.799000
20120925,RURC2L_F,FRYING PAN - RUEDI RES. NR BASALT,0.0,0.0,90.3,0.0,0.0,0.0,2017-03-18T04:25:38.379000
20120926,RURC2L_F,FRYING PAN - RUEDI RES. NR BASALT,0.0,0.0,90.3,5.0,5.0,2.48,2017-03-18T04:26:01.913000
20120927,RURC2L_F,FRYING PAN - RUEDI RES. NR BASALT,0.0,0.0,90.3,21.0,21.0,5.32,2017-03-18T04:26:25.603000
20120928,RURC2L_F,FRYING PAN - RUEDI RES. NR BASALT,0.0,0.0,90.3,32.0,32.0,4.95,2017-03-18T04:26:50.278000
20120929,RURC2L_F,FRYING PAN - RUEDI RES. NR BASALT,0.0,0.0,90.3,20.0,20.0,4.31,2017-03-18T04:27:15.718000
20120930,RURC2L_F,FRYING PAN - RUEDI RES. NR BASALT,0.0,0.0,90.3,5.0,5.0,2.2,2017-03-18T04:27:40.002000
20121001,RURC2L_F,FRYING PAN - RUEDI RES. NR BASALT,0.0,0.0,90.3,2.0,2.0,0.83,2017-03-18T04:28:04.489000
20121002,RURC2L_F,FRYING PAN - RUEDI RES. NR BASALT,0.0,0.0,90.3,0.0,0.0,0.0,2017-03-18T04:28:29.211000
20121003,RURC2L_F,FRYING PAN - RUEDI RES. NR BASALT,0.0,0.0,90.3,0.0,-5.0,0.0,2017-03-18T04:28:54.260000
20121004,RURC2L_F,FRYING PAN - RUEDI RES. NR BASALT,0.0,0.0,90.3,0.0,-21.0,0.0,2017-03-18T04:29:19.919000
20121005,RURC2L_F,FRYING PAN - RUEDI RES. NR BASALT,0.0,0.0,90.3,0.0,-32.0,0.0,2017-03-18T04:29:46.016000
20121006,RURC2L_F,FRYING PAN - RUEDI RES. NR BASALT,0.0,0.0,90.3,0.0,-20.0,0.0,2017-03-18T04:30:12.753000
20121007,RURC2L_F,FRYING PAN - RUEDI RES. NR BASALT,0.0,0.0,90.3,0.0,-5.0,0.0,2017-03-18T04:30:39.303000
20121008,RURC2L_F,FRYING PAN - RUEDI RES. NR BASALT,0.0,0.0,90.3,0.0,-2.0,0.0,2017-03-18T04:31:05.196000
20121009,RURC2L_F,FRYING PAN - RUEDI RES. NR BASALT,0.0,0.0,90.3,0.0,0.0,0.0,2017-03-18T04:31:30.715000
20121010,RURC2L_F,FRYING PAN - RUEDI RES. NR BASALT,0.0,0.0,90.3,0.0,0.0,0.0,2017-03-18T04:31:54.998000
20121011,RURC2L_F,FRYING PAN - RUEDI RES. NR BASALT,0.0,0.0,90.3,0.0,0.0,0.0,2017-03-18T04:32:20.439000
20121012,RURC2L_F,FRYING PAN - RUEDI RES. NR BASALT,0.0,0.0,90.3,0.0,0.0,0.0,2017-03-18T04:32:46.238000
20121013,RURC2L_F,FRYING PAN - RUEDI RES. NR BASALT,0.1,3.0,90.3,483.0,483.0,87.06,2017-03-18T04:33:12.648000
20121014,RURC2L_F,FRYING PAN - RUEDI RES. NR BASALT,0.2,6.0,90.3,1142.0,1142.0,98.35,2017-03-18T04:33:38.541000
20121015,RURC2L_F,FRYING PAN - RUEDI RES. NR BASALT,0.2,4.0,90.3,782.0,782.0,77.16,2017-03-18T04:34:03.294000
20121016,RURC2L_F,FRYING PAN - RUEDI RES. NR BASALT,0.0,1.0,90.3,222.0,222.0,36.24,2017-03-18T04:34:27.500000
20121017,RURC2L_F,FRYING PAN - RUEDI RES. NR BASALT,0.1,2.0,90.3,400.0,400.0,54.77,2017-03-18T04:34:52.627000
20121018,RURC2L_F,FRYING PAN - RUEDI RES. NR BASALT,0.1,2.0,90.3,448.0,448.0,55.32,2017-03-18T04:35:18.177000
20121019,RURC2L_F,FRYING PAN - RUEDI RES. NR BASALT,0.1,2.0,90.3,309.0,309.0,49.91,2017-03-18T04:35:42.742000
20121020,RURC2L_F,FRYING PAN - RUEDI RES. NR BASALT,0.0,0.0,90.3,84.0,-399.0,19.82,2017-03-18T04:36:07.026000
20121021,RURC2L_F,FRYING PAN - RUEDI RES. NR BASALT,0.0,0.0,90.3,13.0,-1129.0,4.68,2017-03-18T04:36:32.029000
20121022,RURC2L_F,FRYING PAN - RUEDI RES. NR BASALT,0.0,0.0,90.3,4.0,-778.0,1.74,2017-03-18T04:36:58.016000
20121023,RURC2L_F,FRYING PAN - RUEDI RES. NR BASALT,0.0,0.0,90.3,0.0,-222.0,0.18,2017-03-18T04:37:26.394000
20121024,RURC2L_F,FRYING PAN - RUEDI RES. NR BASALT,0.0,0.0,90.3,0.0,-400.0,0.0,2017-03-18T04:37:55.647000
20121025,RURC2L_F,FRYING PAN - RUEDI RES. NR BASALT,0.3,8.0,90.3,1446.0,998.0,100.0,2017-03-18T04:38:24.869000
20121026,RURC2L_F,FRYING PAN - RUEDI RES. NR BASALT,0.5,13.0,90.3,2557.0,2248.0,100.0,2017-03-18T04:38:55.623000
20121027,RURC2L_F,FRYING PAN - RUEDI RES. NR BASALT,0.6,14.0,90.3,2700.0,2616.0,100.0,2017-03-18T04:39:26.017000
20121028,RURC2L_F,FRYING PAN - RUEDI RES. NR BASALT,0.5,14.0,90.3,2580.0,2567.0,100.0,2017-03-18T04:39:57.051000
20121029,RURC2L_F,FRYING PAN - RUEDI RES. NR BASALT,0.5,11.0,90.3,2170.0,2166.0,100.0,2017-03-18T04:40:26.992000
20121030,RURC2L_F,FRYING PAN - RUEDI RES. NR BASALT,0.3,8.0,90.3,1532.0,1532.0,88.07,2017-03-18T04:40:56.401000
20121031,RURC2L_F,FRYING PAN - RUEDI RES. NR BASALT,0.2,6.0,90.3,1163.0,1163.0,80.09,2017-03-18T04:41:24.467000
20121101,RURC2L_F,FRYING PAN - RUEDI RES. NR BASALT,0.2,4.0,90.3,834.0,-612.0,64.4,2017-03-18T04:41:50.282000
20121102,RURC2L_F,FRYING PAN - RUEDI RES. NR BASALT,0.1,3.0,90.3,523.0,-2034.0,49.27,2017-03-18T04:42:17.129000
20121103,RURC2L_F,FRYING PAN - RUEDI RES. NR BASALT,0.1,2.0,90.3,416.0,-2284.0,45.41,2017-03-18T04:42:43.350000
20121104,RURC2L_F,FRYING PAN - RUEDI RES. NR BASALT,0.1,2.0,90.3,339.0,-2241.0,42.29,2017-03-18T04:43:09.275000
20121105,RURC2L_F,FRYING PAN - RUEDI RES. NR BASALT,0.1,1.0,90.3,265.0,-1905.0,37.06,2017-03-18T04:43:37.341000
20121106,RURC2L_F,FRYING PAN - RUEDI RES. NR BASALT,0.1,3.0,90.3,510.0,-1022.0,43.39,2017-03-18T04:44:03.812000
20121107,RURC2L_F,FRYING PAN - RUEDI RES. NR BASALT,0.1,2.0,90.3,436.0,-727.0,39.17,2017-03-18T04:44:29.893000
20121108,RURC2L_F,FRYING PAN - RUEDI RES. NR BASALT,0.1,2.0,90.3,299.0,-535.0,31.19,2017-03-18T04:44:56.584000
20121109,RURC2L_F,FRYING PAN - RUEDI RES. NR BASALT,0.0,1.0,90.3,202.0,-321.0,24.04,2017-03-18T04:45:25.463000
20121110,RURC2L_F,FRYING PAN - RUEDI RES. NR BASALT,0.1,3.0,90.3,544.0,128.0,54.04,2017-03-18T04:45:57.575000
20121111,RURC2L_F,FRYING PAN - RUEDI RES. NR BASALT,0.8,19.0,90.3,3687.0,3348.0,100.0,2017-03-18T04:46:28.688000
20121112,RURC2L_F,FRYING PAN - RUEDI RES. NR BASALT,1.0,25.0,90.3,4671.0,4406.0,100.0,2017-03-18T04:47:00.191000
20121113,RURC2L_F,FRYING PAN - RUEDI RES. NR BASALT,1.0,24.0,90.3,4608.0,4098.0,100.0,2017-03-18T04:47:33.070000
20121114,RURC2L_F,FRYING PAN - RUEDI RES. NR BASALT,0.8,19.0,90.3,3617.0,3181.0,100.0,2017-03-18T04:48:05.292000
20121115,RURC2L_F,FRYING PAN - RUEDI RES. NR BASALT,0.7,18.0,90.3,3493.0,3194.0,100.0,2017-03-18T04:48:37.468000
20121116,RURC2L_F,FRYING PAN - RUEDI RES. NR BASALT,0.7,18.0,90.3,3395.0,3193.0,100.0,2017-03-18T04:49:06.690000
20121117,RURC2L_F,FRYING PAN - RUEDI RES. NR BASALT,0.7,17.0,90.3,3172.0,2628.0,100.0,2017-03-18T04:49:36.677000
20121118,RURC2L_F,FRYING PAN - RUEDI RES. NR BASALT,0.6,15.0,90.3,2775.0,-912.0,99.91,2017-03-18T04:50:06.930000
20121119,RURC2L_F,FRYING PAN - RUEDI RES. NR BASALT,0.6,14.0,90.3,2711.0,-1960.0,98.99,2017-03-18T04:50:36.309000
20121120,RURC2L_F,FRYING PAN - RUEDI RES. NR BASALT,0.7,17.0,90.3,3207.0,-1401.0,99.91,2017-03-18T04:51:05.390000
20121121,RURC2L_F,FRYING PAN - RUEDI RES. NR BASALT,0.6,16.0,90.3,3028.0,-589.0,97.52,2017-03-18T04:51:33.471000
20121122,RURC2L_F,FRYING PAN - RUEDI RES. NR BASALT,0.5,14.0,90.3,2603.0,-890.0,88.07,2017-03-18T04:52:00.974000
20121123,RURC2L_F,FRYING PAN - RUEDI RES. NR BASALT,0.5,13.0,90.3,2414.0,-981.0,85.05,2017-03-18T04:52:28.758000
20121124,RURC2L_F,FRYING PAN - RUEDI RES. NR BASALT,0.5,13.0,90.3,2554.0,-618.0,85.87,2017-03-18T04:52:58.121000
20121125,RURC2L_F,FRYING PAN - RUEDI RES. NR BASALT,0.5,12.0,90.3,2329.0,-446.0,83.03,2017-03-18T04:53:26.937000
20121126,RURC2L_F,FRYING PAN - RUEDI RES. NR BASALT,0.4,11.0,90.3,2154.0,-557.0,80.92,2017-03-18T04:53:56.643000
20121127,RURC2L_F,FRYING PAN - RUEDI RES. NR BASALT,0.4,11.0,90.3,2064.0,-1143.0,80.64,2017-03-18T04:54:26.193000
20121128,RURC2L_F,FRYING PAN - RUEDI RES. NR BASALT,0.4,10.0,90.3,1889.0,-1139.0,78.81,2017-03-18T04:54:56.071000
20121129,RURC2L_F,FRYING PAN - RUEDI RES. NR BASALT,0.4,11.0,90.3,2079.0,-524.0,81.74,2017-03-18T04:55:26.465000
20121130,RURC2L_F,FRYING PAN - RUEDI RES. NR BASALT,0.4,10.0,90.3,1941.0,-473.0,77.43,2017-03-18T04:55:57.062000
20121201,RURC2L_F,FRYING PAN - RUEDI RES. NR BASALT,0.4,9.0,90.3,1796.0,-758.0,74.95,2017-03-18T04:56:27.503000
20121202,RURC2L_F,FRYING PAN - RUEDI RES. NR BASALT,0.4,9.0,90.3,1716.0,-613.0,71.83,2017-03-18T04:56:57.600000
20121203,RURC2L_F,FRYING PAN - RUEDI RES. NR BASALT,0.3,8.0,90.3,1554.0,-600.0,67.43,2017-03-18T04:57:28.557000
20121204,RURC2L_F,FRYING PAN - RUEDI RES. NR BASALT,0.5,14.0,90.3,2561.0,497.0,86.51,2017-03-18T04:57:57.872000
20121205,RURC2L_F,FRYING PAN - RUEDI RES. NR BASALT,0.5,13.0,90.3,2460.0,571.0,85.14,2017-03-18T04:58:26.735000
20121206,RURC2L_F,FRYING PAN - RUEDI RES. NR BASALT,0.5,12.0,90.3,2267.0,188.0,80.18,2017-03-18T04:58:55.972000
20121207,RURC2L_F,FRYING PAN - RUEDI RES. NR BASALT,0.5,13.0,90.3,2465.0,524.0,93.85,2017-03-18T04:59:25.460000
20121208,RURC2L_F,FRYING PAN - RUEDI RES. NR BASALT,0.5,13.0,90.3,2526.0,730.0,94.77,2017-03-18T04:59:54.604000
20121209,RURC2L_F,FRYING PAN - RUEDI RES. NR BASALT,0.9,24.0,90.3,4525.0,2809.0,100.0,2017-03-18T05:00:25.889000
20121210,RURC2L_F,FRYING PAN - RUEDI RES. NR BASALT,1.1,29.0,90.3,5515.0,3961.0,100.0,2017-03-18T05:00:56.954000
20121211,RURC2L_F,FRYING PAN - RUEDI RES. NR BASALT,1.3,34.0,90.3,6450.0,3889.0,100.0,2017-03-18T05:01:30.583000
20121212,RURC2L_F,FRYING PAN - RUEDI RES. NR BASALT,1.4,35.0,90.3,6636.0,4176.0,100.0,2017-03-18T05:02:02.946000
20121213,RURC2L_F,FRYING PAN - RUEDI RES. NR BASALT,1.4,34.0,90.3,6501.0,4234.0,100.0,2017-03-18T05:02:37.747000
20121214,RURC2L_F,FRYING PAN - RUEDI RES. NR BASALT,1.3,32.0,90.3,6069.0,3604.0,100.0,2017-03-18T05:03:11.844000
20121215,RURC2L_F,FRYING PAN - RUEDI RES. NR BASALT,1.6,40.0,90.3,7518.0,4992.0,100.0,2017-03-18T05:03:47.582000
20121216,RURC2L_F,FRYING PAN - RUEDI RES. NR BASALT,1.7,43.0,90.3,8212.0,3687.0,100.0,2017-03-18T05:04:23.149000
20121217,RURC2L_F,FRYING PAN - RUEDI RES. NR BASALT,2.0,50.0,90.3,9389.0,3874.0,100.0,2017-03-18T05:04:58.855000
20121218,RURC2L_F,FRYING PAN - RUEDI RES. NR BASALT,2.2,56.0,90.3,10558.0,4108.0,100.0,2017-03-18T05:05:35.187000
20121219,RURC2L_F,FRYING PAN - RUEDI RES. NR BASALT,2.6,65.0,90.3,12302.0,5666.0,100.0,2017-03-18T05:06:09.769000
20121221,RURC2L_F,FRYING PAN - RUEDI RES. NR BASALT,1.9,49.0,90.3,9295.0,3226.0,100.0,2017-03-18T05:06:48.180000
20121222,RURC2L_F,FRYING PAN - RUEDI RES. NR BASALT,1.9,48.0,90.3,9159.0,1641.0,100.0,2017-03-18T05:07:27.059000
20121223,RURC2L_F,FRYING PAN - RUEDI RES. NR BASALT,1.9,47.0,90.3,8997.0,785.0,100.0,2017-03-18T05:08:05.626000
20121224,RURC2L_F,FRYING PAN - RUEDI RES. NR BASALT,1.9,47.0,90.3,8911.0,-478.0,100.0,2017-03-18T05:08:42.489000
20121225,RURC2L_F,FRYING PAN - RUEDI RES. NR BASALT,2.1,54.0,90.3,10254.0,-304.0,100.0,2017-03-18T05:09:20.056000
20121226,RURC2L_F,FRYING PAN - RUEDI RES. NR BASALT,2.2,56.0,90.3,10678.0,-1624.0,100.0,2017-03-18T05:09:58.497000
20121227,RURC2L_F,FRYING PAN - RUEDI RES. NR BASALT,2.2,57.0,90.3,10821.0,NULL,100.0,2017-03-18T05:10:38.814000
20121228,RURC2L_F,FRYING PAN - RUEDI RES. NR BASALT,2.5,63.0,90.3,11935.0,2640.0,100.0,2017-03-18T05:11:17.944000
20121229,RURC2L_F,FRYING PAN - RUEDI RES. NR BASALT,2.5,64.0,90.3,12115.0,2956.0,100.0,2017-03-18T05:11:57.573000
20121230,RURC2L_F,FRYING PAN - RUEDI RES. NR BASALT,2.5,64.0,90.3,12047.0,3050.0,100.0,2017-03-18T05:12:38.718000
20121231,RURC2L_F,FRYING PAN - RUEDI RES. NR BASALT,2.5,64.0,90.3,12208.0,3297.0,100.0,2017-03-18T05:13:18.800000
20130101,RURC2L_F,FRYING PAN - RUEDI RES. NR BASALT,2.7,69.0,90.3,13068.0,2814.0,100.0,2017-03-18T05:14:00.117000
20130102,RURC2L_F,FRYING PAN - RUEDI RES. NR BASALT,2.7,69.0,90.3,13107.0,2429.0,100.0,2017-03-18T05:14:39.559000
20130103,RURC2L_F,FRYING PAN - RUEDI RES. NR BASALT,2.7,69.0,90.3,13094.0,2273.0,100.0,2017-03-18T05:15:18.923000
20130104,RURC2L_F,FRYING PAN - RUEDI RES. NR BASALT,2.7,69.0,90.3,13045.0,1110.0,100.0,2017-03-18T05:15:58.693000
20130105,RURC2L_F,FRYING PAN - RUEDI RES. NR BASALT,2.7,68.0,90.3,12975.0,860.0,100.0,2017-03-18T05:16:39.244000
20130106,RURC2L_F,FRYING PAN - RUEDI RES. NR BASALT,2.7,68.0,90.3,12895.0,848.0,100.0,2017-03-18T05:17:19.873000
20130107,RURC2L_F,FRYING PAN - RUEDI RES. NR BASALT,2.7,67.0,90.3,12783.0,575.0,100.0,2017-03-18T05:18:00.112000
20130108,RURC2L_F,FRYING PAN - RUEDI RES. NR BASALT,2.6,67.0,90.3,12692.0,-376.0,100.0,2017-03-18T05:18:39.945000
20130109,RURC2L_F,FRYING PAN - RUEDI RES. NR BASALT,2.6,67.0,90.3,12636.0,-471.0,100.0,2017-03-18T05:19:19.293000
20130110,RURC2L_F,FRYING PAN - RUEDI RES. NR BASALT,2.6,66.0,90.3,12542.0,-552.0,100.0,2017-03-18T05:19:59.062000
20130111,RURC2L_F,FRYING PAN - RUEDI RES. NR BASALT,2.4,60.0,90.3,11452.0,-1593.0,100.0,2017-03-18T05:20:39.129000
20130112,RURC2L_F,FRYING PAN - RUEDI RES. NR BASALT,2.7,70.0,90.3,13223.0,248.0,100.0,2017-03-18T05:21:17.587000
20130113,RURC2L_F,FRYING PAN - RUEDI RES. NR BASALT,2.8,70.0,90.3,13332.0,437.0,100.0,2017-03-18T05:21:55.091000
20130114,RURC2L_F,FRYING PAN - RUEDI RES. NR BASALT,2.8,72.0,90.3,13555.0,772.0,100.0,2017-03-18T05:22:31.532000
20130115,RURC2L_F,FRYING PAN - RUEDI RES. NR BASALT,2.8,72.0,90.3,13620.0,928.0,100.0,2017-03-18T05:23:08.270000
20130116,RURC2L_F,FRYING PAN - RUEDI RES. NR BASALT,2.8,72.0,90.3,13603.0,967.0,100.0,2017-03-18T05:23:45.993000
20130117,RURC2L_F,FRYING PAN - RUEDI RES. NR BASALT,2.8,72.0,90.3,13572.0,1030.0,100.0,2017-03-18T05:24:25.107000
20130118,RURC2L_F,FRYING PAN - RUEDI RES. NR BASALT,2.8,71.0,90.3,13520.0,2068.0,100.0,2017-03-18T05:25:03.205000
20130119,RURC2L_F,FRYING PAN - RUEDI RES. NR BASALT,2.6,67.0,90.3,12732.0,-491.0,100.0,2017-03-18T05:25:41.412000
20130120,RURC2L_F,FRYING PAN - RUEDI RES. NR BASALT,2.6,67.0,90.3,12637.0,-695.0,100.0,2017-03-18T05:26:17.775000
20130121,RURC2L_F,FRYING PAN - RUEDI RES. NR BASALT,2.6,66.0,90.3,12545.0,-1010.0,100.0,2017-03-18T05:26:53.654000
20130122,RURC2L_F,FRYING PAN - RUEDI RES. NR BASALT,2.6,66.0,90.3,12442.0,-1178.0,100.0,2017-03-18T05:27:29.017000
20130123,RURC2L_F,FRYING PAN - RUEDI RES. NR BASALT,2.6,65.0,90.3,12282.0,-1321.0,100.0,2017-03-18T05:28:04.928000
20130124,RURC2L_F,FRYING PAN - RUEDI RES. NR BASALT,2.5,64.0,90.3,12044.0,-1528.0,100.0,2017-03-18T05:28:41.416000
20130125,RURC2L_F,FRYING PAN - RUEDI RES. NR BASALT,2.5,65.0,90.3,12233.0,-1287.0,100.0,2017-03-18T05:29:19.154000
20130126,RURC2L_F,FRYING PAN - RUEDI RES. NR BASALT,2.6,65.0,90.3,12310.0,-422.0,100.0,2017-03-18T05:29:57.205000
20130127,RURC2L_F,FRYING PAN - RUEDI RES. NR BASALT,2.8,71.0,90.3,13399.0,762.0,100.0,2017-03-18T05:30:35.881000
20130128,RURC2L_F,FRYING PAN - RUEDI RES. NR BASALT,2.9,74.0,90.3,14117.0,1572.0,100.0,2017-03-18T05:31:15.058000
20130129,RURC2L_F,FRYING PAN - RUEDI RES. NR BASALT,3.5,88.0,90.3,16671.0,4229.0,100.0,2017-03-18T05:31:54.234000
20130130,RURC2L_F,FRYING PAN - RUEDI RES. NR BASALT,3.8,96.0,90.3,18199.0,5917.0,100.0,2017-03-18T05:32:34.269000
20130131,RURC2L_F,FRYING PAN - RUEDI RES. NR BASALT,4.0,101.0,90.3,19225.0,7181.0,100.0,2017-03-18T05:33:14.461000
20130201,RURC2L_F,FRYING PAN - RUEDI RES. NR BASALT,4.2,106.0,90.3,20075.0,7842.0,100.0,2017-03-18T05:33:53.606000
20130202,RURC2L_F,FRYING PAN - RUEDI RES. NR BASALT,4.2,106.0,90.3,20053.0,7743.0,100.0,2017-03-18T05:34:32.454000
20130203,RURC2L_F,FRYING PAN - RUEDI RES. NR BASALT,4.2,105.0,90.3,19992.0,6593.0,100.0,2017-03-18T05:35:11.051000
20130204,RURC2L_F,FRYING PAN - RUEDI RES. NR BASALT,4.1,105.0,90.3,19893.0,5776.0,100.0,2017-03-18T05:35:49.134000
20130205,RURC2L_F,FRYING PAN - RUEDI RES. NR BASALT,4.1,105.0,90.3,19831.0,3160.0,100.0,2017-03-18T05:36:26.341000
20130206,RURC2L_F,FRYING PAN - RUEDI RES. NR BASALT,3.7,94.0,90.3,17834.0,-365.0,100.0,2017-03-18T05:37:03.563000
20130207,RURC2L_F,FRYING PAN - RUEDI RES. NR BASALT,4.0,102.0,90.3,19419.0,194.0,100.0,2017-03-18T05:37:41.146000
20130208,RURC2L_F,FRYING PAN - RUEDI RES. NR BASALT,4.0,102.0,90.3,19398.0,-677.0,100.0,2017-03-18T05:38:18.244000
20130209,RURC2L_F,FRYING PAN - RUEDI RES. NR BASALT,4.0,102.0,90.3,19262.0,-791.0,100.0,2017-03-18T05:38:55.060000
20130210,RURC2L_F,FRYING PAN - RUEDI RES. NR BASALT,4.5,114.0,90.3,21645.0,1653.0,100.0,2017-03-18T05:39:32.517000
20130211,RURC2L_F,FRYING PAN - RUEDI RES. NR BASALT,4.6,117.0,90.3,22126.0,2233.0,100.0,2017-03-18T05:40:11.787000
20130212,RURC2L_F,FRYING PAN - RUEDI RES. NR BASALT,4.8,121.0,90.3,22922.0,3091.0,100.0,2017-03-18T05:40:58.901000
20130213,RURC2L_F,FRYING PAN - RUEDI RES. NR BASALT,4.8,121.0,90.3,22928.0,5094.0,100.0,2017-03-18T05:41:39.312000
20130214,RURC2L_F,FRYING PAN - RUEDI RES. NR BASALT,4.8,121.0,90.3,22923.0,3504.0,100.0,2017-03-18T05:42:20.098000
20130215,RURC2L_F,FRYING PAN - RUEDI RES. NR BASALT,5.0,126.0,90.3,23887.0,4489.0,100.0,2017-03-18T05:42:58.133000
20130216,RURC2L_F,FRYING PAN - RUEDI RES. NR BASALT,5.0,127.0,90.3,24149.0,4887.0,100.0,2017-03-18T05:43:34.934000
20130217,RURC2L_F,FRYING PAN - RUEDI RES. NR BASALT,5.0,127.0,90.3,24075.0,2430.0,100.0,2017-03-18T05:44:12.907000
20130218,RURC2L_F,FRYING PAN - RUEDI RES. NR BASALT,5.0,126.0,90.3,23960.0,1834.0,100.0,2017-03-18T05:44:50.270000
20130219,RURC2L_F,FRYING PAN - RUEDI RES. NR BASALT,5.1,130.0,90.3,24590.0,1668.0,100.0,2017-03-18T05:45:27.196000
20130220,RURC2L_F,FRYING PAN - RUEDI RES. NR BASALT,5.1,129.0,90.3,24503.0,1575.0,100.0,2017-03-18T05:46:04.919000
20130221,RURC2L_F,FRYING PAN - RUEDI RES. NR BASALT,5.7,145.0,90.3,27427.0,4504.0,100.0,2017-03-18T05:46:44.048000
20130222,RURC2L_F,FRYING PAN - RUEDI RES. NR BASALT,5.9,150.0,90.3,28417.0,4530.0,100.0,2017-03-18T05:47:24.927000
20130223,RURC2L_F,FRYING PAN - RUEDI RES. NR BASALT,6.0,152.0,90.3,28837.0,4688.0,100.0,2017-03-18T05:48:06.432000
20130224,RURC2L_F,FRYING PAN - RUEDI RES. NR BASALT,6.2,157.0,90.3,29742.0,5667.0,100.0,2017-03-18T05:48:47.171000
20130225,RURC2L_F,FRYING PAN - RUEDI RES. NR BASALT,6.7,169.0,90.3,32018.0,8058.0,100.0,2017-03-18T05:49:26.456000
20130226,RURC2L_F,FRYING PAN - RUEDI RES. NR BASALT,6.6,169.0,90.3,31989.0,7399.0,100.0,2017-03-18T05:50:08.148000
20130227,RURC2L_F,FRYING PAN - RUEDI RES. NR BASALT,5.8,148.0,90.3,28016.0,3513.0,100.0,2017-03-18T05:50:50.121000
20130228,RURC2L_F,FRYING PAN - RUEDI RES. NR BASALT,5.8,148.0,90.3,28085.0,658.0,100.0,2017-03-18T05:51:31.188000
20130301,RURC2L_F,FRYING PAN - RUEDI RES. NR BASALT,5.9,149.0,90.3,28268.0,-149.0,100.0,2017-03-18T05:52:11.114000
20130302,RURC2L_F,FRYING PAN - RUEDI RES. NR BASALT,5.9,150.0,90.3,28514.0,-323.0,100.0,2017-03-18T05:52:50.900000
20130303,RURC2L_F,FRYING PAN - RUEDI RES. NR BASALT,5.9,150.0,90.3,28425.0,-1317.0,100.0,2017-03-18T05:53:30.232000
20130304,RURC2L_F,FRYING PAN - RUEDI RES. NR BASALT,5.9,151.0,90.3,28605.0,-3413.0,100.0,2017-03-18T05:54:09.955000
20130305,RURC2L_F,FRYING PAN - RUEDI RES. NR BASALT,6.3,161.0,90.3,30453.0,-1536.0,100.0,2017-03-18T05:54:49.085000
20130306,RURC2L_F,FRYING PAN - RUEDI RES. NR BASALT,6.3,160.0,90.3,30343.0,2327.0,100.0,2017-03-18T05:55:28.058000
20130307,RURC2L_F,FRYING PAN - RUEDI RES. NR BASALT,6.2,158.0,90.3,30018.0,1933.0,100.0,2017-03-18T05:56:07.593000
20130308,RURC2L_F,FRYING PAN - RUEDI RES. NR BASALT,6.2,157.0,90.3,29667.0,1399.0,100.0,2017-03-18T05:56:45.410000
20130309,RURC2L_F,FRYING PAN - RUEDI RES. NR BASALT,6.4,162.0,90.3,30771.0,2257.0,100.0,2017-03-18T05:57:25.023000
20130310,RURC2L_F,FRYING PAN - RUEDI RES. NR BASALT,7.2,182.0,90.3,34466.0,6041.0,100.0,2017-03-18T05:58:05.684000
20130311,RURC2L_F,FRYING PAN - RUEDI RES. NR BASALT,7.2,182.0,90.3,34445.0,5840.0,100.0,2017-03-18T05:58:43.860000
20130312,RURC2L_F,FRYING PAN - RUEDI RES. NR BASALT,6.5,164.0,90.3,31101.0,648.0,100.0,2017-03-18T05:59:21.817000
20130313,RURC2L_F,FRYING PAN - RUEDI RES. NR BASALT,6.5,164.0,90.3,31133.0,790.0,100.0,2017-03-18T05:59:57.993000
20130314,RURC2L_F,FRYING PAN - RUEDI RES. NR BASALT,6.4,163.0,90.3,30911.0,893.0,100.0,2017-03-18T06:00:34.153000
20130315,RURC2L_F,FRYING PAN - RUEDI RES. NR BASALT,6.3,161.0,90.3,30523.0,856.0,100.0,2017-03-18T06:01:08.126000
20130316,RURC2L_F,FRYING PAN - RUEDI RES. NR BASALT,6.2,157.0,90.3,29712.0,-1059.0,100.0,2017-03-18T06:01:42.629000
20130317,RURC2L_F,FRYING PAN - RUEDI RES. NR BASALT,6.2,158.0,90.3,30014.0,-4452.0,100.0,2017-03-18T06:02:16.664000
20130318,RURC2L_F,FRYING PAN - RUEDI RES. NR BASALT,6.6,167.0,90.3,31647.0,-2798.0,100.0,2017-03-18T06:02:53.512000
20130319,RURC2L_F,FRYING PAN - RUEDI RES. NR BASALT,6.8,172.0,90.3,32564.0,1463.0,100.0,2017-03-18T06:03:30.797000
20130320,RURC2L_F,FRYING PAN - RUEDI RES. NR BASALT,6.7,171.0,90.3,32367.0,1234.0,100.0,2017-03-18T06:04:06.848000
20130321,RURC2L_F,FRYING PAN - RUEDI RES. NR BASALT,6.7,170.0,90.3,32189.0,1278.0,100.0,2017-03-18T06:04:43.024000
20130322,RURC2L_F,FRYING PAN - RUEDI RES. NR BASALT,7.3,186.0,90.3,35223.0,4700.0,100.0,2017-03-18T06:05:19.247000
20130323,RURC2L_F,FRYING PAN - RUEDI RES. NR BASALT,7.4,188.0,90.3,35702.0,5990.0,100.0,2017-03-18T06:05:55.610000
20130324,RURC2L_F,FRYING PAN - RUEDI RES. NR BASALT,7.7,197.0,90.3,37252.0,7238.0,100.0,2017-03-18T06:06:33.129000
20130325,RURC2L_F,FRYING PAN - RUEDI RES. NR BASALT,7.9,202.0,90.3,38272.0,6625.0,100.0,2017-03-18T06:07:11.337000
20130326,RURC2L_F,FRYING PAN - RUEDI RES. NR BASALT,7.5,190.0,90.3,36076.0,3512.0,100.0,2017-03-18T06:07:50.935000
20130327,RURC2L_F,FRYING PAN - RUEDI RES. NR BASALT,7.5,189.0,90.3,35902.0,3535.0,100.0,2017-03-18T06:08:29.720000
20130328,RURC2L_F,FRYING PAN - RUEDI RES. NR BASALT,7.4,188.0,90.3,35597.0,3408.0,100.0,2017-03-18T06:09:07.443000
20130329,RURC2L_F,FRYING PAN - RUEDI RES. NR BASALT,7.3,185.0,90.3,35147.0,-76.0,100.0,2017-03-18T06:09:42.431000
20130330,RURC2L_F,FRYING PAN - RUEDI RES. NR BASALT,7.2,184.0,90.3,34830.0,-872.0,100.0,2017-03-18T06:10:15.950000
20130331,RURC2L_F,FRYING PAN - RUEDI RES. NR BASALT,7.1,180.0,90.3,34067.0,-3185.0,100.0,2017-03-18T06:10:49.829000
20130401,RURC2L_F,FRYING PAN - RUEDI RES. NR BASALT,6.9,176.0,90.3,33418.0,-4854.0,99.82,2017-03-18T06:11:22.036000
20130402,RURC2L_F,FRYING PAN - RUEDI RES. NR BASALT,6.8,172.0,90.3,32693.0,-3383.0,99.45,2017-03-18T06:11:54.695000
20130403,RURC2L_F,FRYING PAN - RUEDI RES. NR BASALT,7.1,180.0,90.3,34030.0,-1872.0,100.0,2017-03-18T06:12:27.637000
20130404,RURC2L_F,FRYING PAN - RUEDI RES. NR BASALT,7.0,178.0,90.3,33701.0,-1896.0,99.27,2017-03-18T06:13:00.515000
20130405,RURC2L_F,FRYING PAN - RUEDI RES. NR BASALT,6.9,174.0,90.3,33060.0,-2087.0,98.72,2017-03-18T06:13:33.691000
20130406,RURC2L_F,FRYING PAN - RUEDI RES. NR BASALT,6.8,173.0,90.3,32816.0,-2014.0,96.79,2017-03-18T06:14:05.100000
20130407,RURC2L_F,FRYING PAN - RUEDI RES. NR BASALT,6.7,171.0,90.3,32417.0,-1650.0,97.16,2017-03-18T06:14:36.307000
20130408,RURC2L_F,FRYING PAN - RUEDI RES. NR BASALT,6.7,170.0,90.3,32210.0,-1208.0,94.4,2017-03-18T06:15:09.529000
20130409,RURC2L_F,FRYING PAN - RUEDI RES. NR BASALT,6.6,167.0,90.3,31671.0,-1022.0,92.11,2017-03-18T06:15:43.471000
20130410,RURC2L_F,FRYING PAN - RUEDI RES. NR BASALT,6.8,171.0,90.3,32502.0,-1528.0,100.0,2017-03-18T06:16:17.896000
20130411,RURC2L_F,FRYING PAN - RUEDI RES. NR BASALT,6.8,172.0,90.3,32657.0,-1044.0,100.0,2017-03-18T06:16:53.603000
20130412,RURC2L_F,FRYING PAN - RUEDI RES. NR BASALT,6.8,173.0,90.3,32850.0,-210.0,99.72,2017-03-18T06:17:30.998000
20130413,RURC2L_F,FRYING PAN - RUEDI RES. NR BASALT,7.2,182.0,90.3,34455.0,1639.0,95.32,2017-03-18T06:18:06.439000
20130414,RURC2L_F,FRYING PAN - RUEDI RES. NR BASALT,7.5,190.0,90.3,36100.0,3683.0,100.0,2017-03-18T06:18:42.193000
20130415,RURC2L_F,FRYING PAN - RUEDI RES. NR BASALT,8.0,204.0,90.3,38589.0,6379.0,100.0,2017-03-18T06:19:17.947000
20130416,RURC2L_F,FRYING PAN - RUEDI RES. NR BASALT,8.6,219.0,90.3,41486.0,9815.0,100.0,2017-03-18T06:19:52.435000
20130417,RURC2L_F,FRYING PAN - RUEDI RES. NR BASALT,8.5,216.0,90.3,40904.0,8402.0,100.0,2017-03-18T06:20:27.985000
20130418,RURC2L_F,FRYING PAN - RUEDI RES. NR BASALT,9.0,229.0,90.3,43478.0,10821.0,100.0,2017-03-18T06:21:03.583000
20130419,RURC2L_F,FRYING PAN - RUEDI RES. NR BASALT,9.1,230.0,90.3,43582.0,10732.0,100.0,2017-03-18T06:21:40.525000
20130420,RURC2L_F,FRYING PAN - RUEDI RES. NR BASALT,9.1,231.0,90.3,43778.0,9323.0,100.0,2017-03-18T06:22:16.044000
20130421,RURC2L_F,FRYING PAN - RUEDI RES. NR BASALT,9.5,242.0,90.3,45870.0,9770.0,100.0,2017-03-18T06:22:50.266000
20130422,RURC2L_F,FRYING PAN - RUEDI RES. NR BASALT,9.6,243.0,90.3,46140.0,7551.0,100.0,2017-03-18T06:23:24.036000
20130423,RURC2L_F,FRYING PAN - RUEDI RES. NR BASALT,9.5,243.0,90.3,45977.0,4491.0,100.0,2017-03-18T06:23:56.649000
20130424,RURC2L_F,FRYING PAN - RUEDI RES. NR BASALT,10.0,253.0,90.3,48006.0,7102.0,100.0,2017-03-18T06:24:30.418000
20130425,RURC2L_F,FRYING PAN - RUEDI RES. NR BASALT,9.8,248.0,90.3,47065.0,3587.0,100.0,2017-03-18T06:25:06.531000
20130426,RURC2L_F,FRYING PAN - RUEDI RES. NR BASALT,9.6,244.0,90.3,46280.0,2698.0,99.72,2017-03-18T06:25:36.659000
20130427,RURC2L_F,FRYING PAN - RUEDI RES. NR BASALT,9.5,240.0,90.3,45584.0,1806.0,99.45,2017-03-18T06:26:06.428000
20130428,RURC2L_F,FRYING PAN - RUEDI RES. NR BASALT,9.3,236.0,90.3,44664.0,-1206.0,97.25,2017-03-18T06:26:35.947000
20130429,RURC2L_F,FRYING PAN - RUEDI RES. NR BASALT,9.0,228.0,90.3,43236.0,-2904.0,94.22,2017-03-18T06:27:05.263000
20130430,RURC2L_F,FRYING PAN - RUEDI RES. NR BASALT,8.6,218.0,90.3,41325.0,-4652.0,88.99,2017-03-18T06:27:34.047000
20130501,RURC2L_F,FRYING PAN - RUEDI RES. NR BASALT,8.1,207.0,90.3,39190.0,-8816.0,85.69,2017-03-18T06:28:02.847000
20130502,RURC2L_F,FRYING PAN - RUEDI RES. NR BASALT,8.6,217.0,90.3,41186.0,-5879.0,100.0,2017-03-18T06:28:32.881000
20130503,RURC2L_F,FRYING PAN - RUEDI RES. NR BASALT,8.5,216.0,90.3,40872.0,-5408.0,99.45,2017-03-18T06:29:04.526000
20130504,RURC2L_F,FRYING PAN - RUEDI RES. NR BASALT,7.8,198.0,90.3,37584.0,-8000.0,85.14,2017-03-18T06:29:34.826000
20130505,RURC2L_F,FRYING PAN - RUEDI RES. NR BASALT,7.7,195.0,90.3,36918.0,-7746.0,84.5,2017-03-18T06:30:03.516000
20130506,RURC2L_F,FRYING PAN - RUEDI RES. NR BASALT,7.4,189.0,90.3,35853.0,-7383.0,83.3,2017-03-18T06:30:31.113000
20130507,RURC2L_F,FRYING PAN - RUEDI RES. NR BASALT,7.7,195.0,90.3,36982.0,-4343.0,83.21,2017-03-18T06:30:59.710000
20130508,RURC2L_F,FRYING PAN - RUEDI RES. NR BASALT,7.7,195.0,90.3,36955.0,-2235.0,82.48,2017-03-18T06:31:27.885000
20130509,RURC2L_F,FRYING PAN - RUEDI RES. NR BASALT,8.3,210.0,90.3,39765.0,-1421.0,100.0,2017-03-18T06:31:56.341000
20130510,RURC2L_F,FRYING PAN - RUEDI RES. NR BASALT,7.9,201.0,90.3,38160.0,-2712.0,86.42,2017-03-18T06:32:24.954000
20130511,RURC2L_F,FRYING PAN - RUEDI RES. NR BASALT,7.8,197.0,90.3,37333.0,-251.0,83.03,2017-03-18T06:32:52.129000
20130512,RURC2L_F,FRYING PAN - RUEDI RES. NR BASALT,7.5,191.0,90.3,36209.0,-709.0,81.47,2017-03-18T06:33:19.522000
20130513,RURC2L_F,FRYING PAN - RUEDI RES. NR BASALT,7.2,183.0,90.3,34655.0,-1198.0,80.46,2017-03-18T06:33:45.572000
20130514,RURC2L_F,FRYING PAN - RUEDI RES. NR BASALT,6.8,174.0,90.3,32969.0,-4013.0,78.17,2017-03-18T06:34:11.591000
20130515,RURC2L_F,FRYING PAN - RUEDI RES. NR BASALT,6.4,163.0,90.3,30966.0,-5989.0,76.24,2017-03-18T06:34:37.953000
20130516,RURC2L_F,FRYING PAN - RUEDI RES. NR BASALT,6.1,154.0,90.3,29209.0,-10556.0,74.59,2017-03-18T06:35:05.206000
20130517,RURC2L_F,FRYING PAN - RUEDI RES. NR BASALT,5.7,144.0,90.3,27318.0,-10842.0,72.02,2017-03-18T06:35:31.818000
20130518,RURC2L_F,FRYING PAN - RUEDI RES. NR BASALT,5.2,133.0,90.3,25152.0,-12181.0,70.0,2017-03-18T06:35:59.352000
20130519,RURC2L_F,FRYING PAN - RUEDI RES. NR BASALT,5.0,126.0,90.3,23886.0,-12323.0,68.72,2017-03-18T06:36:26.683000
20130520,RURC2L_F,FRYING PAN - RUEDI RES. NR BASALT,4.9,125.0,90.3,23720.0,-10935.0,68.26,2017-03-18T06:36:55.014000
20130521,RURC2L_F,FRYING PAN - RUEDI RES. NR BASALT,5.0,127.0,90.3,24061.0,-8908.0,70.46,2017-03-18T06:37:22.471000
20130522,RURC2L_F,FRYING PAN - RUEDI RES. NR BASALT,4.8,122.0,90.3,23215.0,-7751.0,67.8,2017-03-18T06:37:50.583000
20130523,RURC2L_F,FRYING PAN - RUEDI RES. NR BASALT,4.5,115.0,90.3,21803.0,-7406.0,66.24,2017-03-18T06:38:18.102000
20130524,RURC2L_F,FRYING PAN - RUEDI RES. NR BASALT,4.0,102.0,90.3,19372.0,-7946.0,59.82,2017-03-18T06:38:46.480000
20130525,RURC2L_F,FRYING PAN - RUEDI RES. NR BASALT,3.6,92.0,90.3,17496.0,-7656.0,57.16,2017-03-18T06:39:12.717000
20130526,RURC2L_F,FRYING PAN - RUEDI RES. NR BASALT,3.3,84.0,90.3,15946.0,-7940.0,54.77,2017-03-18T06:39:40.017000
20130527,RURC2L_F,FRYING PAN - RUEDI RES. NR BASALT,3.0,76.0,90.3,14444.0,-9276.0,52.48,2017-03-18T06:40:06.629000
20130528,RURC2L_F,FRYING PAN - RUEDI RES. NR BASALT,2.8,70.0,90.3,13293.0,-10768.0,51.1,2017-03-18T06:40:35.007000
20130529,RURC2L_F,FRYING PAN - RUEDI RES. NR BASALT,2.5,64.0,90.3,12151.0,-11064.0,49.54,2017-03-18T06:41:01.604000
20130530,RURC2L_F,FRYING PAN - RUEDI RES. NR BASALT,2.5,63.0,90.3,11941.0,-9862.0,50.18,2017-03-18T06:41:29.920000
20130531,RURC2L_F,FRYING PAN - RUEDI RES. NR BASALT,2.4,61.0,90.3,11504.0,-7868.0,49.08,2017-03-18T06:41:57.704000
20130601,RURC2L_F,FRYING PAN - RUEDI RES. NR BASALT,2.3,58.0,90.3,11047.0,-6449.0,47.98,2017-03-18T06:42:25.504000
20130602,RURC2L_F,FRYING PAN - RUEDI RES. NR BASALT,2.2,56.0,90.3,10573.0,-5373.0,47.61,2017-03-18T06:42:51.960000
20130603,RURC2L_F,FRYING PAN - RUEDI RES. NR BASALT,2.0,50.0,90.3,9501.0,-4943.0,43.94,2017-03-18T06:43:18.869000
20130604,RURC2L_F,FRYING PAN - RUEDI RES. NR BASALT,1.7,42.0,90.3,7962.0,-5331.0,41.28,2017-03-18T06:43:44.809000
20130605,RURC2L_F,FRYING PAN - RUEDI RES. NR BASALT,1.4,36.0,90.3,6822.0,-5329.0,37.52,2017-03-18T06:44:10.390000
20130606,RURC2L_F,FRYING PAN - RUEDI RES. NR BASALT,1.3,32.0,90.3,6020.0,-5921.0,34.95,2017-03-18T06:44:36.612000
20130607,RURC2L_F,FRYING PAN - RUEDI RES. NR BASALT,1.1,28.0,90.3,5398.0,-6106.0,31.19,2017-03-18T06:45:02.193000
20130608,RURC2L_F,FRYING PAN - RUEDI RES. NR BASALT,1.0,25.0,90.3,4703.0,-6344.0,29.45,2017-03-18T06:45:28.602000
20130609,RURC2L_F,FRYING PAN - RUEDI RES. NR BASALT,0.8,20.0,90.3,3765.0,-6808.0,26.61,2017-03-18T06:45:55.183000
20130610,RURC2L_F,FRYING PAN - RUEDI RES. NR BASALT,0.6,16.0,90.3,2973.0,-6528.0,23.21,2017-03-18T06:46:20.717000
20130611,RURC2L_F,FRYING PAN - RUEDI RES. NR BASALT,0.4,11.0,90.3,2033.0,-5929.0,18.26,2017-03-18T06:46:46.235000
20130612,RURC2L_F,FRYING PAN - RUEDI RES. NR BASALT,0.3,7.0,90.3,1337.0,-5485.0,14.86,2017-03-18T06:47:11.957000
20130613,RURC2L_F,FRYING PAN - RUEDI RES. NR BASALT,0.2,5.0,90.3,955.0,-5065.0,11.28,2017-03-18T06:47:37.132000
20130614,RURC2L_F,FRYING PAN - RUEDI RES. NR BASALT,0.1,3.0,90.3,556.0,-4842.0,9.08,2017-03-18T06:48:03.025000
20130615,RURC2L_F,FRYING PAN - RUEDI RES. NR BASALT,0.1,2.0,90.3,346.0,-4357.0,7.52,2017-03-18T06:48:29.137000
20130616,RURC2L_F,FRYING PAN - RUEDI RES. NR BASALT,0.1,1.0,90.3,261.0,-3504.0,7.16,2017-03-18T06:48:54.859000
20130617,RURC2L_F,FRYING PAN - RUEDI RES. NR BASALT,0.0,1.0,90.3,197.0,-2776.0,6.97,2017-03-18T06:49:20.346000
20130618,RURC2L_F,FRYING PAN - RUEDI RES. NR BASALT,0.0,1.0,90.3,136.0,-1897.0,6.06,2017-03-18T06:49:45.958000
20130619,RURC2L_F,FRYING PAN - RUEDI RES. NR BASALT,0.0,0.0,90.3,70.0,-1267.0,3.94,2017-03-18T06:50:12.351000
20130620,RURC2L_F,FRYING PAN - RUEDI RES. NR BASALT,0.0,0.0,90.3,33.0,-922.0,1.65,2017-03-18T06:50:38.714000
20130621,RURC2L_F,FRYING PAN - RUEDI RES. NR BASALT,0.0,0.0,90.3,19.0,-537.0,0.83,2017-03-18T06:51:04.810000
20130622,RURC2L_F,FRYING PAN - RUEDI RES. NR BASALT,0.0,0.0,90.3,10.0,-336.0,0.83,2017-03-18T06:51:30.594000
20130623,RURC2L_F,FRYING PAN - RUEDI RES. NR BASALT,0.0,0.0,90.3,3.0,-258.0,0.64,2017-03-18T06:51:56.300000
20130624,RURC2L_F,FRYING PAN - RUEDI RES. NR BASALT,0.0,0.0,90.3,0.0,-197.0,0.0,2017-03-18T06:52:22.209000
20130625,RURC2L_F,FRYING PAN - RUEDI RES. NR BASALT,0.0,0.0,90.3,0.0,-136.0,0.0,2017-03-18T06:52:48.431000
20130626,RURC2L_F,FRYING PAN - RUEDI RES. NR BASALT,0.0,0.0,90.3,0.0,-70.0,0.0,2017-03-18T06:53:15.184000
20130627,RURC2L_F,FRYING PAN - RUEDI RES. NR BASALT,0.0,0.0,90.3,0.0,-33.0,0.0,2017-03-18T06:53:41.562000
20130628,RURC2L_F,FRYING PAN - RUEDI RES. NR BASALT,0.0,0.0,90.3,0.0,-19.0,0.0,2017-03-18T06:54:06.736000
20130629,RURC2L_F,FRYING PAN - RUEDI RES. NR BASALT,0.0,0.0,90.3,0.0,-10.0,0.0,2017-03-18T06:54:32.192000
20130630,RURC2L_F,FRYING PAN - RUEDI RES. NR BASALT,0.0,0.0,90.3,0.0,-3.0,0.0,2017-03-18T06:54:58.195000
20130701,RURC2L_F,FRYING PAN - RUEDI RES. NR BASALT,0.0,0.0,90.3,0.0,0.0,0.0,2017-03-18T06:55:24.729000
20130702,RURC2L_F,FRYING PAN - RUEDI RES. NR BASALT,0.0,0.0,90.3,0.0,0.0,0.0,2017-03-18T06:55:50.622000
20130703,RURC2L_F,FRYING PAN - RUEDI RES. NR BASALT,0.0,0.0,90.3,0.0,0.0,0.0,2017-03-18T06:56:16.094000
20130704,RURC2L_F,FRYING PAN - RUEDI RES. NR BASALT,0.0,0.0,90.3,0.0,0.0,0.0,2017-03-18T06:56:41.425000
20130705,RURC2L_F,FRYING PAN - RUEDI RES. NR BASALT,0.0,0.0,90.3,0.0,0.0,0.0,2017-03-18T06:57:07.256000
20130706,RURC2L_F,FRYING PAN - RUEDI RES. NR BASALT,0.0,0.0,90.3,0.0,0.0,0.0,2017-03-18T06:57:34.228000
20130707,RURC2L_F,FRYING PAN - RUEDI RES. NR BASALT,0.0,0.0,90.3,0.0,0.0,0.0,2017-03-18T06:58:00.340000
20130708,RURC2L_F,FRYING PAN - RUEDI RES. NR BASALT,0.0,0.0,90.3,0.0,0.0,0.0,2017-03-18T06:58:25.858000
20130709,RURC2L_F,FRYING PAN - RUEDI RES. NR BASALT,0.0,0.0,90.3,0.0,0.0,0.0,2017-03-18T06:58:51.471000
20130710,RURC2L_F,FRYING PAN - RUEDI RES. NR BASALT,0.0,0.0,90.3,0.0,0.0,0.0,2017-03-18T06:59:16.786000
20130711,RURC2L_F,FRYING PAN - RUEDI RES. NR BASALT,0.0,0.0,90.3,0.0,0.0,0.0,2017-03-18T06:59:41.929000
20130712,RURC2L_F,FRYING PAN - RUEDI RES. NR BASALT,0.0,0.0,90.3,0.0,0.0,0.0,2017-03-18T07:00:08.182000
20130713,RURC2L_F,FRYING PAN - RUEDI RES. NR BASALT,0.0,0.0,90.3,0.0,0.0,0.0,2017-03-18T07:00:34.263000
20130714,RURC2L_F,FRYING PAN - RUEDI RES. NR BASALT,0.0,0.0,90.3,0.0,0.0,0.0,2017-03-18T07:00:59.188000
20130715,RURC2L_F,FRYING PAN - RUEDI RES. NR BASALT,0.0,0.0,90.3,0.0,0.0,0.0,2017-03-18T07:01:24.940000
20130716,RURC2L_F,FRYING PAN - RUEDI RES. NR BASALT,0.0,0.0,90.3,0.0,0.0,0.0,2017-03-18T07:01:50.365000
20130717,RURC2L_F,FRYING PAN - RUEDI RES. NR BASALT,0.0,0.0,90.3,0.0,0.0,0.0,2017-03-18T07:02:15.587000
20130718,RURC2L_F,FRYING PAN - RUEDI RES. NR BASALT,0.0,0.0,90.3,0.0,0.0,0.0,2017-03-18T07:02:41.511000
20130719,RURC2L_F,FRYING PAN - RUEDI RES. NR BASALT,0.0,0.0,90.3,0.0,0.0,0.0,2017-03-18T07:03:06.780000
20130720,RURC2L_F,FRYING PAN - RUEDI RES. NR BASALT,0.0,0.0,90.3,0.0,0.0,0.0,2017-03-18T07:03:33.251000
20130721,RURC2L_F,FRYING PAN - RUEDI RES. NR BASALT,0.0,0.0,90.3,0.0,0.0,0.0,2017-03-18T07:03:58.254000
20130722,RURC2L_F,FRYING PAN - RUEDI RES. NR BASALT,0.0,0.0,90.3,0.0,0.0,0.0,2017-03-18T07:04:24.366000
20130723,RURC2L_F,FRYING PAN - RUEDI RES. NR BASALT,0.0,0.0,90.3,0.0,0.0,0.0,2017-03-18T07:04:49.775000
20130724,RURC2L_F,FRYING PAN - RUEDI RES. NR BASALT,0.0,0.0,90.3,0.0,0.0,0.0,2017-03-18T07:05:14.809000
20130725,RURC2L_F,FRYING PAN - RUEDI RES. NR BASALT,0.0,0.0,90.3,0.0,0.0,0.0,2017-03-18T07:05:39.906000
20130726,RURC2L_F,FRYING PAN - RUEDI RES. NR BASALT,0.0,0.0,90.3,0.0,0.0,0.0,2017-03-18T07:06:05.143000
20130727,RURC2L_F,FRYING PAN - RUEDI RES. NR BASALT,0.0,0.0,90.3,0.0,0.0,0.0,2017-03-18T07:06:33.349000
20130728,RURC2L_F,FRYING PAN - RUEDI RES. NR BASALT,0.0,0.0,90.3,0.0,0.0,0.0,2017-03-18T07:06:58.508000
20130729,RURC2L_F,FRYING PAN - RUEDI RES. NR BASALT,0.0,0.0,90.3,0.0,0.0,0.0,2017-03-18T07:07:23.870000
20130730,RURC2L_F,FRYING PAN - RUEDI RES. NR BASALT,0.0,0.0,90.3,0.0,0.0,0.0,2017-03-18T07:07:48.607000
20130731,RURC2L_F,FRYING PAN - RUEDI RES. NR BASALT,0.0,0.0,90.3,0.0,0.0,0.0,2017-03-18T07:08:13.469000
20130801,RURC2L_F,FRYING PAN - RUEDI RES. NR BASALT,0.0,0.0,90.3,0.0,0.0,0.0,2017-03-18T07:08:39.113000
20130802,RURC2L_F,FRYING PAN - RUEDI RES. NR BASALT,0.0,0.0,90.3,0.0,0.0,0.0,2017-03-18T07:09:04.834000
20130803,RURC2L_F,FRYING PAN - RUEDI RES. NR BASALT,0.0,0.0,90.3,0.0,0.0,0.0,2017-03-18T07:09:30.196000
20130804,RURC2L_F,FRYING PAN - RUEDI RES. NR BASALT,0.0,0.0,90.3,0.0,0.0,0.0,2017-03-18T07:09:55.605000
20130805,RURC2L_F,FRYING PAN - RUEDI RES. NR BASALT,0.0,0.0,90.3,0.0,0.0,0.0,2017-03-18T07:10:21.374000
20130806,RURC2L_F,FRYING PAN - RUEDI RES. NR BASALT,0.0,0.0,90.3,0.0,0.0,0.0,2017-03-18T07:10:46.236000
20130807,RURC2L_F,FRYING PAN - RUEDI RES. NR BASALT,0.0,0.0,90.3,0.0,0.0,0.0,2017-03-18T07:11:12.035000
20130808,RURC2L_F,FRYING PAN - RUEDI RES. NR BASALT,0.0,0.0,90.3,0.0,0.0,0.0,2017-03-18T07:11:38.632000
20130809,RURC2L_F,FRYING PAN - RUEDI RES. NR BASALT,0.0,0.0,90.3,0.0,0.0,0.0,2017-03-18T07:12:05.151000
20130810,RURC2L_F,FRYING PAN - RUEDI RES. NR BASALT,0.0,0.0,90.3,0.0,0.0,0.0,2017-03-18T07:12:30.810000
20130811,RURC2L_F,FRYING PAN - RUEDI RES. NR BASALT,0.0,0.0,90.3,0.0,0.0,0.0,2017-03-18T07:12:55.719000
20130812,RURC2L_F,FRYING PAN - RUEDI RES. NR BASALT,0.0,0.0,90.3,0.0,0.0,0.0,2017-03-18T07:13:20.393000
20130813,RURC2L_F,FRYING PAN - RUEDI RES. NR BASALT,0.0,0.0,90.3,0.0,0.0,0.0,2017-03-18T07:13:45.927000
20130814,RURC2L_F,FRYING PAN - RUEDI RES. NR BASALT,0.0,0.0,90.3,0.0,0.0,0.0,2017-03-18T07:14:11.243000
20130815,RURC2L_F,FRYING PAN - RUEDI RES. NR BASALT,0.0,0.0,90.3,0.0,0.0,0.0,2017-03-18T07:14:36.026000
20130816,RURC2L_F,FRYING PAN - RUEDI RES. NR BASALT,0.0,0.0,90.3,0.0,0.0,0.0,2017-03-18T07:15:00.342000
20130817,RURC2L_F,FRYING PAN - RUEDI RES. NR BASALT,0.0,0.0,90.3,0.0,0.0,0.0,2017-03-18T07:15:24.657000
20130818,RURC2L_F,FRYING PAN - RUEDI RES. NR BASALT,0.0,0.0,90.3,0.0,0.0,0.0,2017-03-18T07:15:49.957000
20130819,RURC2L_F,FRYING PAN - RUEDI RES. NR BASALT,0.0,0.0,90.3,0.0,0.0,0.0,2017-03-18T07:16:14.725000
20130820,RURC2L_F,FRYING PAN - RUEDI RES. NR BASALT,0.0,0.0,90.3,0.0,0.0,0.0,2017-03-18T07:16:39.384000
20130821,RURC2L_F,FRYING PAN - RUEDI RES. NR BASALT,0.0,0.0,90.3,0.0,0.0,0.0,2017-03-18T07:17:04.183000
20130822,RURC2L_F,FRYING PAN - RUEDI RES. NR BASALT,0.0,0.0,90.3,0.0,0.0,0.0,2017-03-18T07:17:29.124000
20130823,RURC2L_F,FRYING PAN - RUEDI RES. NR BASALT,0.0,0.0,90.3,0.0,0.0,0.0,2017-03-18T07:17:54.454000
20130824,RURC2L_F,FRYING PAN - RUEDI RES. NR BASALT,0.0,0.0,90.3,0.0,0.0,0.0,2017-03-18T07:18:19.941000
20130825,RURC2L_F,FRYING PAN - RUEDI RES. NR BASALT,0.0,0.0,90.3,0.0,0.0,0.0,2017-03-18T07:18:45.257000
20130826,RURC2L_F,FRYING PAN - RUEDI RES. NR BASALT,0.0,0.0,90.3,0.0,0.0,0.0,2017-03-18T07:19:10.619000
20130827,RURC2L_F,FRYING PAN - RUEDI RES. NR BASALT,0.0,0.0,90.3,0.0,0.0,0.0,2017-03-18T07:19:35.512000
20130828,RURC2L_F,FRYING PAN - RUEDI RES. NR BASALT,0.0,0.0,90.3,0.0,0.0,0.0,2017-03-18T07:20:00.421000
20130829,RURC2L_F,FRYING PAN - RUEDI RES. NR BASALT,0.0,0.0,90.3,0.0,0.0,0.0,2017-03-18T07:20:25.596000
20130830,RURC2L_F,FRYING PAN - RUEDI RES. NR BASALT,0.0,0.0,90.3,0.0,0.0,0.0,2017-03-18T07:20:50.755000
20130831,RURC2L_F,FRYING PAN - RUEDI RES. NR BASALT,0.0,0.0,90.3,0.0,0.0,0.0,2017-03-18T07:21:15.461000
20130901,RURC2L_F,FRYING PAN - RUEDI RES. NR BASALT,0.0,0.0,90.3,0.0,0.0,0.0,2017-03-18T07:21:40.839000
20130902,RURC2L_F,FRYING PAN - RUEDI RES. NR BASALT,0.0,0.0,90.3,0.0,0.0,0.0,2017-03-18T07:22:06.060000
20130903,RURC2L_F,FRYING PAN - RUEDI RES. NR BASALT,0.0,0.0,90.3,0.0,0.0,0.0,2017-03-18T07:22:31.532000
20130904,RURC2L_F,FRYING PAN - RUEDI RES. NR BASALT,0.0,0.0,90.3,0.0,0.0,0.0,2017-03-18T07:22:56.238000
20130905,RURC2L_F,FRYING PAN - RUEDI RES. NR BASALT,0.0,0.0,90.3,0.0,0.0,0.0,2017-03-18T07:23:21.053000
20130906,RURC2L_F,FRYING PAN - RUEDI RES. NR BASALT,0.0,0.0,90.3,0.0,0.0,0.0,2017-03-18T07:23:46.665000
20130907,RURC2L_F,FRYING PAN - RUEDI RES. NR BASALT,0.0,0.0,90.3,0.0,0.0,0.0,2017-03-18T07:24:11.605000
20130908,RURC2L_F,FRYING PAN - RUEDI RES. NR BASALT,0.0,0.0,90.3,0.0,0.0,0.0,2017-03-18T07:24:36.576000
20130909,RURC2L_F,FRYING PAN - RUEDI RES. NR BASALT,0.0,0.0,90.3,0.0,0.0,0.0,2017-03-18T07:25:03.861000
20130910,RURC2L_F,FRYING PAN - RUEDI RES. NR BASALT,0.0,0.0,90.3,0.0,0.0,0.0,2017-03-18T07:25:28.941000
20130911,RURC2L_F,FRYING PAN - RUEDI RES. NR BASALT,0.0,0.0,90.3,0.0,0.0,0.0,2017-03-18T07:25:54.694000
20130912,RURC2L_F,FRYING PAN - RUEDI RES. NR BASALT,0.0,0.0,90.3,0.0,0.0,0.0,2017-03-18T07:26:20.181000
20130913,RURC2L_F,FRYING PAN - RUEDI RES. NR BASALT,0.0,0.0,90.3,0.0,0.0,0.0,2017-03-18T07:26:45.762000
20130914,RURC2L_F,FRYING PAN - RUEDI RES. NR BASALT,0.0,0.0,90.3,0.0,0.0,0.0,2017-03-18T07:27:11.265000
20130915,RURC2L_F,FRYING PAN - RUEDI RES. NR BASALT,0.0,0.0,90.3,0.0,0.0,0.0,2017-03-18T07:27:35.877000
20130916,RURC2L_F,FRYING PAN - RUEDI RES. NR BASALT,0.0,0.0,90.3,0.0,0.0,0.0,2017-03-18T07:28:01.083000
20130917,RURC2L_F,FRYING PAN - RUEDI RES. NR BASALT,0.0,0.0,90.3,0.0,0.0,0.0,2017-03-18T07:28:25.914000
20130918,RURC2L_F,FRYING PAN - RUEDI RES. NR BASALT,0.0,0.0,90.3,0.0,0.0,0.0,2017-03-18T07:28:50.729000
20130919,RURC2L_F,FRYING PAN - RUEDI RES. NR BASALT,0.0,0.0,90.3,0.0,0.0,0.0,2017-03-18T07:29:16.279000
20130920,RURC2L_F,FRYING PAN - RUEDI RES. NR BASALT,0.0,0.0,90.3,0.0,0.0,0.0,2017-03-18T07:29:41.578000
20130921,RURC2L_F,FRYING PAN - RUEDI RES. NR BASALT,0.0,0.0,90.3,0.0,0.0,0.0,2017-03-18T07:30:07.050000
20130922,RURC2L_F,FRYING PAN - RUEDI RES. NR BASALT,0.0,0.0,90.3,0.0,0.0,0.0,2017-03-18T07:30:32.740000
20130923,RURC2L_F,FRYING PAN - RUEDI RES. NR BASALT,0.0,0.0,90.3,6.0,6.0,2.57,2017-03-18T07:30:58.383000
20130924,RURC2L_F,FRYING PAN - RUEDI RES. NR BASALT,0.1,4.0,90.3,721.0,721.0,71.65,2017-03-18T07:31:23.730000
20130925,RURC2L_F,FRYING PAN - RUEDI RES. NR BASALT,0.0,0.0,90.3,64.0,64.0,14.95,2017-03-18T07:31:49.061000
20130926,RURC2L_F,FRYING PAN - RUEDI RES. NR BASALT,0.0,0.0,90.3,0.0,0.0,0.0,2017-03-18T07:32:15.532000
20130927,RURC2L_F,FRYING PAN - RUEDI RES. NR BASALT,0.0,0.0,90.3,0.0,0.0,0.0,2017-03-18T07:32:42.394000
20130928,RURC2L_F,FRYING PAN - RUEDI RES. NR BASALT,0.2,5.0,90.3,862.0,862.0,100.0,2017-03-18T07:33:10.194000
20130929,RURC2L_F,FRYING PAN - RUEDI RES. NR BASALT,0.1,2.0,90.3,367.0,367.0,70.46,2017-03-18T07:33:37.338000
20130930,RURC2L_F,FRYING PAN - RUEDI RES. NR BASALT,0.0,0.0,90.3,28.0,22.0,10.37,2017-03-18T07:34:03.888000
20131001,RURC2L_F,FRYING PAN - RUEDI RES. NR BASALT,0.0,0.0,90.3,0.0,-721.0,0.0,2017-03-18T07:34:29.531000
20131002,RURC2L_F,FRYING PAN - RUEDI RES. NR BASALT,0.0,0.0,90.3,0.0,-64.0,0.0,2017-03-18T07:34:55.081000
20131003,RURC2L_F,FRYING PAN - RUEDI RES. NR BASALT,0.0,0.0,90.3,0.0,0.0,0.0,2017-03-18T07:35:20.833000
20131004,RURC2L_F,FRYING PAN - RUEDI RES. NR BASALT,0.0,0.0,90.3,0.0,0.0,0.0,2017-03-18T07:35:48.961000
20131005,RURC2L_F,FRYING PAN - RUEDI RES. NR BASALT,0.4,9.0,90.3,1760.0,898.0,100.0,2017-03-18T07:36:18.074000
20131006,RURC2L_F,FRYING PAN - RUEDI RES. NR BASALT,0.5,12.0,90.3,2278.0,1911.0,100.0,2017-03-18T07:36:46.499000
20131007,RURC2L_F,FRYING PAN - RUEDI RES. NR BASALT,0.4,10.0,90.3,1907.0,1879.0,100.0,2017-03-18T07:37:14.033000
20131008,RURC2L_F,FRYING PAN - RUEDI RES. NR BASALT,0.2,5.0,90.3,897.0,897.0,76.24,2017-03-18T07:37:39.973000
20131009,RURC2L_F,FRYING PAN - RUEDI RES. NR BASALT,0.0,0.0,90.3,69.0,69.0,16.51,2017-03-18T07:38:05.679000
20131010,RURC2L_F,FRYING PAN - RUEDI RES. NR BASALT,0.0,0.0,90.3,26.0,26.0,8.44,2017-03-18T07:38:31.963000
20131011,RURC2L_F,FRYING PAN - RUEDI RES. NR BASALT,0.1,2.0,90.3,366.0,366.0,94.86,2017-03-18T07:38:59.701000
20131012,RURC2L_F,FRYING PAN - RUEDI RES. NR BASALT,0.2,4.0,90.3,734.0,-1026.0,86.51,2017-03-18T07:39:26.344000
20131013,RURC2L_F,FRYING PAN - RUEDI RES. NR BASALT,0.1,3.0,90.3,548.0,-1730.0,66.97,2017-03-18T07:39:53.034000
20131014,RURC2L_F,FRYING PAN - RUEDI RES. NR BASALT,0.0,1.0,90.3,224.0,-1683.0,28.53,2017-03-18T07:40:20.256000
20131015,RURC2L_F,FRYING PAN - RUEDI RES. NR BASALT,0.1,3.0,90.3,535.0,-362.0,77.71,2017-03-18T07:40:48.822000
20131016,RURC2L_F,FRYING PAN - RUEDI RES. NR BASALT,0.2,5.0,90.3,1024.0,955.0,92.94,2017-03-18T07:41:16.340000
20131017,RURC2L_F,FRYING PAN - RUEDI RES. NR BASALT,0.4,10.0,90.3,1872.0,1846.0,96.7,2017-03-18T07:41:44.515000
20131018,RURC2L_F,FRYING PAN - RUEDI RES. NR BASALT,0.4,9.0,90.3,1738.0,1372.0,88.81,2017-03-18T07:42:12.237000
20131019,RURC2L_F,FRYING PAN - RUEDI RES. NR BASALT,0.4,11.0,90.3,2101.0,1367.0,100.0,2017-03-18T07:42:40.130000
20131020,RURC2L_F,FRYING PAN - RUEDI RES. NR BASALT,0.4,10.0,90.3,1876.0,1328.0,86.88,2017-03-18T07:43:07.149000
20131021,RURC2L_F,FRYING PAN - RUEDI RES. NR BASALT,0.4,9.0,90.3,1743.0,1519.0,82.75,2017-03-18T07:43:33.714000
20131022,RURC2L_F,FRYING PAN - RUEDI RES. NR BASALT,0.3,9.0,90.3,1652.0,1117.0,81.1,2017-03-18T07:44:00.373000
20131023,RURC2L_F,FRYING PAN - RUEDI RES. NR BASALT,0.3,8.0,90.3,1523.0,499.0,78.07,2017-03-18T07:44:26.579000
20131024,RURC2L_F,FRYING PAN - RUEDI RES. NR BASALT,0.3,7.0,90.3,1308.0,-564.0,73.21,2017-03-18T07:44:53.020000
20131025,RURC2L_F,FRYING PAN - RUEDI RES. NR BASALT,0.2,6.0,90.3,1049.0,-689.0,64.22,2017-03-18T07:45:19.741000
20131026,RURC2L_F,FRYING PAN - RUEDI RES. NR BASALT,0.2,6.0,90.3,1047.0,-1054.0,59.45,2017-03-18T07:45:45.697000
20131027,RURC2L_F,FRYING PAN - RUEDI RES. NR BASALT,0.2,5.0,90.3,973.0,-903.0,55.41,2017-03-18T07:46:10.763000
20131028,RURC2L_F,FRYING PAN - RUEDI RES. NR BASALT,0.2,4.0,90.3,839.0,-904.0,51.1,2017-03-18T07:46:37.125000
20131029,RURC2L_F,FRYING PAN - RUEDI RES. NR BASALT,0.1,4.0,90.3,666.0,-986.0,45.32,2017-03-18T07:47:06.409000
20131030,RURC2L_F,FRYING PAN - RUEDI RES. NR BASALT,0.5,12.0,90.3,2184.0,661.0,94.77,2017-03-18T07:47:36.303000
20131031,RURC2L_F,FRYING PAN - RUEDI RES. NR BASALT,0.7,17.0,90.3,3284.0,1976.0,100.0,2017-03-18T07:48:07.385000
20131101,RURC2L_F,FRYING PAN - RUEDI RES. NR BASALT,0.7,19.0,90.3,3510.0,2461.0,100.0,2017-03-18T07:48:37.435000
20131102,RURC2L_F,FRYING PAN - RUEDI RES. NR BASALT,0.8,20.0,90.3,3743.0,2696.0,100.0,2017-03-18T07:49:04.610000
20131103,RURC2L_F,FRYING PAN - RUEDI RES. NR BASALT,0.7,17.0,90.3,3284.0,2311.0,97.89,2017-03-18T07:49:32.082000
20131104,RURC2L_F,FRYING PAN - RUEDI RES. NR BASALT,0.7,17.0,90.3,3132.0,2293.0,100.0,2017-03-18T07:50:00.194000
20131105,RURC2L_F,FRYING PAN - RUEDI RES. NR BASALT,0.6,16.0,90.3,3117.0,2451.0,100.0,2017-03-18T07:50:29.400000
20131106,RURC2L_F,FRYING PAN - RUEDI RES. NR BASALT,0.8,22.0,90.3,4084.0,1900.0,100.0,2017-03-18T07:50:59.919000
20131107,RURC2L_F,FRYING PAN - RUEDI RES. NR BASALT,1.3,33.0,90.3,6182.0,2898.0,100.0,2017-03-18T07:51:31.110000
20131108,RURC2L_F,FRYING PAN - RUEDI RES. NR BASALT,1.2,32.0,90.3,5996.0,2486.0,100.0,2017-03-18T07:52:01.535000
20131109,RURC2L_F,FRYING PAN - RUEDI RES. NR BASALT,1.1,27.0,90.3,5193.0,1450.0,86.61,2017-03-18T07:52:30.976000
20131110,RURC2L_F,FRYING PAN - RUEDI RES. NR BASALT,1.0,26.0,90.3,4996.0,1712.0,83.3,2017-03-18T07:52:58.479000
20131111,RURC2L_F,FRYING PAN - RUEDI RES. NR BASALT,1.0,25.0,90.3,4795.0,1663.0,79.54,2017-03-18T07:53:26.388000
20131112,RURC2L_F,FRYING PAN - RUEDI RES. NR BASALT,1.0,25.0,90.3,4677.0,1560.0,78.35,2017-03-18T07:53:55.923000
20131113,RURC2L_F,FRYING PAN - RUEDI RES. NR BASALT,1.0,24.0,90.3,4583.0,499.0,77.8,2017-03-18T07:54:26.707000
20131114,RURC2L_F,FRYING PAN - RUEDI RES. NR BASALT,0.9,24.0,90.3,4457.0,-1725.0,77.34,2017-03-18T07:54:55.960000
20131115,RURC2L_F,FRYING PAN - RUEDI RES. NR BASALT,0.9,24.0,90.3,4569.0,-1427.0,84.04,2017-03-18T07:55:24.557000
20131116,RURC2L_F,FRYING PAN - RUEDI RES. NR BASALT,1.0,25.0,90.3,4729.0,-464.0,98.35,2017-03-18T07:55:54.201000
20131117,RURC2L_F,FRYING PAN - RUEDI RES. NR BASALT,1.8,45.0,90.3,8527.0,3531.0,100.0,2017-03-18T07:56:26.533000
20131118,RURC2L_F,FRYING PAN - RUEDI RES. NR BASALT,1.9,48.0,90.3,9017.0,4222.0,100.0,2017-03-18T07:56:56.630000
20131119,RURC2L_F,FRYING PAN - RUEDI RES. NR BASALT,1.9,47.0,90.3,8923.0,4246.0,100.0,2017-03-18T07:57:26.008000
20131120,RURC2L_F,FRYING PAN - RUEDI RES. NR BASALT,2.0,50.0,90.3,9406.0,4823.0,100.0,2017-03-18T07:57:55.136000
20131121,RURC2L_F,FRYING PAN - RUEDI RES. NR BASALT,2.2,55.0,90.3,10484.0,6027.0,100.0,2017-03-18T07:58:25.124000
20131122,RURC2L_F,FRYING PAN - RUEDI RES. NR BASALT,2.5,63.0,90.3,11857.0,7288.0,100.0,2017-03-18T07:58:56.846000
20131123,RURC2L_F,FRYING PAN - RUEDI RES. NR BASALT,3.1,78.0,90.3,14777.0,10048.0,100.0,2017-03-18T07:59:30.756000
20131124,RURC2L_F,FRYING PAN - RUEDI RES. NR BASALT,3.1,80.0,90.3,15157.0,6630.0,100.0,2017-03-18T08:00:05.431000
20131125,RURC2L_F,FRYING PAN - RUEDI RES. NR BASALT,4.0,101.0,90.3,19170.0,10153.0,100.0,2017-03-18T08:00:40.138000
20131126,RURC2L_F,FRYING PAN - RUEDI RES. NR BASALT,4.0,101.0,90.3,19152.0,10229.0,100.0,2017-03-18T08:01:15.111000
20131127,RURC2L_F,FRYING PAN - RUEDI RES. NR BASALT,4.0,101.0,90.3,19106.0,9700.0,100.0,2017-03-18T08:01:51.849000
20131128,RURC2L_F,FRYING PAN - RUEDI RES. NR BASALT,3.2,81.0,90.3,15352.0,4868.0,100.0,2017-03-18T08:02:28.166000
20131129,RURC2L_F,FRYING PAN - RUEDI RES. NR BASALT,3.2,81.0,90.3,15275.0,3418.0,100.0,2017-03-18T08:03:01.966000
20131130,RURC2L_F,FRYING PAN - RUEDI RES. NR BASALT,3.2,80.0,90.3,15197.0,420.0,100.0,2017-03-18T08:03:34.345000
20131201,RURC2L_F,FRYING PAN - RUEDI RES. NR BASALT,3.1,80.0,90.3,15148.0,-9.0,100.0,2017-03-18T08:04:07.582000
20131202,RURC2L_F,FRYING PAN - RUEDI RES. NR BASALT,3.1,80.0,90.3,15079.0,-4091.0,100.0,2017-03-18T08:04:40.274000
20131203,RURC2L_F,FRYING PAN - RUEDI RES. NR BASALT,3.1,79.0,90.3,15032.0,-4120.0,100.0,2017-03-18T08:05:13.652000
20131204,RURC2L_F,FRYING PAN - RUEDI RES. NR BASALT,3.5,88.0,90.3,16613.0,-2493.0,100.0,2017-03-18T08:05:47.453000
20131205,RURC2L_F,FRYING PAN - RUEDI RES. NR BASALT,3.9,100.0,90.3,19014.0,3662.0,100.0,2017-03-18T08:06:21.175000
20131206,RURC2L_F,FRYING PAN - RUEDI RES. NR BASALT,3.8,97.0,90.3,18464.0,3189.0,100.0,2017-03-18T08:06:56.663000
20131207,RURC2L_F,FRYING PAN - RUEDI RES. NR BASALT,3.8,97.0,90.3,18429.0,3232.0,100.0,2017-03-18T08:07:34.011000
20131208,RURC2L_F,FRYING PAN - RUEDI RES. NR BASALT,4.1,103.0,90.3,19536.0,4388.0,100.0,2017-03-18T08:08:11
20131209,RURC2L_F,FRYING PAN - RUEDI RES. NR BASALT,4.3,110.0,90.3,20856.0,5777.0,100.0,2017-03-18T08:08:50.816000
20131210,RURC2L_F,FRYING PAN - RUEDI RES. NR BASALT,4.3,110.0,90.3,20887.0,5855.0,100.0,2017-03-18T08:09:29.727000
20131211,RURC2L_F,FRYING PAN - RUEDI RES. NR BASALT,4.3,109.0,90.3,20752.0,4139.0,100.0,2017-03-18T08:10:08.872000
20131212,RURC2L_F,FRYING PAN - RUEDI RES. NR BASALT,4.3,109.0,90.3,20662.0,1648.0,100.0,2017-03-18T08:10:47.595000
20131213,RURC2L_F,FRYING PAN - RUEDI RES. NR BASALT,4.3,109.0,90.3,20574.0,2110.0,100.0,2017-03-18T08:11:26.239000
20131214,RURC2L_F,FRYING PAN - RUEDI RES. NR BASALT,4.3,108.0,90.3,20536.0,2107.0,100.0,2017-03-18T08:12:05.931000
20131215,RURC2L_F,FRYING PAN - RUEDI RES. NR BASALT,4.3,108.0,90.3,20514.0,978.0,100.0,2017-03-18T08:12:45.170000
20131216,RURC2L_F,FRYING PAN - RUEDI RES. NR BASALT,4.2,108.0,90.3,20397.0,-459.0,100.0,2017-03-18T08:13:23.611000
20131217,RURC2L_F,FRYING PAN - RUEDI RES. NR BASALT,4.2,107.0,90.3,20238.0,-649.0,100.0,2017-03-18T08:14:01.037000
20131218,RURC2L_F,FRYING PAN - RUEDI RES. NR BASALT,4.2,106.0,90.3,20106.0,-646.0,100.0,2017-03-18T08:14:37.901000
20131219,RURC2L_F,FRYING PAN - RUEDI RES. NR BASALT,4.3,109.0,90.3,20591.0,-71.0,100.0,2017-03-18T08:15:15.295000
20131220,RURC2L_F,FRYING PAN - RUEDI RES. NR BASALT,4.2,107.0,90.3,20355.0,-219.0,100.0,2017-03-18T08:15:52.127000
20131221,RURC2L_F,FRYING PAN - RUEDI RES. NR BASALT,4.4,113.0,90.3,21378.0,842.0,100.0,2017-03-18T08:16:29.616000
20131222,RURC2L_F,FRYING PAN - RUEDI RES. NR BASALT,4.6,117.0,90.3,22105.0,1591.0,100.0,2017-03-18T08:17:08.917000
20131223,RURC2L_F,FRYING PAN - RUEDI RES. NR BASALT,4.7,118.0,90.3,22400.0,2003.0,100.0,2017-03-18T08:17:46.624000
20131224,RURC2L_F,FRYING PAN - RUEDI RES. NR BASALT,4.7,118.0,90.3,22456.0,2218.0,100.0,2017-03-18T08:18:24.347000
20131225,RURC2L_F,FRYING PAN - RUEDI RES. NR BASALT,4.8,121.0,90.3,22925.0,2819.0,100.0,2017-03-18T08:19:02.116000
20131226,RURC2L_F,FRYING PAN - RUEDI RES. NR BASALT,4.7,121.0,90.3,22861.0,2270.0,100.0,2017-03-18T08:19:38.105000
20131227,RURC2L_F,FRYING PAN - RUEDI RES. NR BASALT,4.7,120.0,90.3,22782.0,2427.0,100.0,2017-03-18T08:20:13.968000
20131228,RURC2L_F,FRYING PAN - RUEDI RES. NR BASALT,4.7,120.0,90.3,22746.0,1368.0,100.0,2017-03-18T08:20:52.675000
20131229,RURC2L_F,FRYING PAN - RUEDI RES. NR BASALT,4.7,120.0,90.3,22704.0,599.0,100.0,2017-03-18T08:21:27.507000
20131230,RURC2L_F,FRYING PAN - RUEDI RES. NR BASALT,4.7,120.0,90.3,22742.0,342.0,100.0,2017-03-18T08:22:02.433000
20131231,RURC2L_F,FRYING PAN - RUEDI RES. NR BASALT,5.0,128.0,90.3,24219.0,1763.0,100.0,2017-03-18T08:22:38.249000
20140101,RURC2L_F,FRYING PAN - RUEDI RES. NR BASALT,5.1,129.0,90.3,24415.0,1490.0,100.0,2017-03-18T08:23:13.815000
20140102,RURC2L_F,FRYING PAN - RUEDI RES. NR BASALT,5.3,135.0,90.3,25669.0,2808.0,100.0,2017-03-18T08:23:49.366000
20140103,RURC2L_F,FRYING PAN - RUEDI RES. NR BASALT,5.3,135.0,90.3,25503.0,2721.0,100.0,2017-03-18T08:24:26.933000
20140104,RURC2L_F,FRYING PAN - RUEDI RES. NR BASALT,5.3,133.0,90.3,25288.0,2542.0,100.0,2017-03-18T08:25:05.359000
20140105,RURC2L_F,FRYING PAN - RUEDI RES. NR BASALT,5.7,144.0,90.3,27244.0,4540.0,100.0,2017-03-18T08:25:41.800000
20140106,RURC2L_F,FRYING PAN - RUEDI RES. NR BASALT,5.7,145.0,90.3,27483.0,4741.0,100.0,2017-03-18T08:26:19.054000
20140107,RURC2L_F,FRYING PAN - RUEDI RES. NR BASALT,5.7,144.0,90.3,27376.0,3157.0,100.0,2017-03-18T08:26:57.136000
20140108,RURC2L_F,FRYING PAN - RUEDI RES. NR BASALT,5.8,147.0,90.3,27916.0,3501.0,100.0,2017-03-18T08:27:35.359000
20140109,RURC2L_F,FRYING PAN - RUEDI RES. NR BASALT,5.9,149.0,90.3,28273.0,2604.0,100.0,2017-03-18T08:28:13.895000
20140110,RURC2L_F,FRYING PAN - RUEDI RES. NR BASALT,6.2,158.0,90.3,30021.0,4518.0,100.0,2017-03-18T08:28:53.805000
20140111,RURC2L_F,FRYING PAN - RUEDI RES. NR BASALT,6.8,173.0,90.3,32724.0,7436.0,100.0,2017-03-18T08:29:34.466000
20140112,RURC2L_F,FRYING PAN - RUEDI RES. NR BASALT,6.8,172.0,90.3,32666.0,5422.0,100.0,2017-03-18T08:30:14.532000
20140113,RURC2L_F,FRYING PAN - RUEDI RES. NR BASALT,7.2,183.0,90.3,34613.0,7130.0,100.0,2017-03-18T08:30:50.786000
20140114,RURC2L_F,FRYING PAN - RUEDI RES. NR BASALT,7.4,188.0,90.3,35643.0,8267.0,100.0,2017-03-18T08:31:27.353000
20140115,RURC2L_F,FRYING PAN - RUEDI RES. NR BASALT,7.4,188.0,90.3,35672.0,7756.0,100.0,2017-03-18T08:32:02.013000
20140116,RURC2L_F,FRYING PAN - RUEDI RES. NR BASALT,7.4,187.0,90.3,35509.0,7236.0,100.0,2017-03-18T08:32:36.657000
20140117,RURC2L_F,FRYING PAN - RUEDI RES. NR BASALT,7.3,187.0,90.3,35376.0,5355.0,100.0,2017-03-18T08:33:11.755000
20140118,RURC2L_F,FRYING PAN - RUEDI RES. NR BASALT,7.3,186.0,90.3,35286.0,2562.0,100.0,2017-03-18T08:33:45.852000
20140119,RURC2L_F,FRYING PAN - RUEDI RES. NR BASALT,7.3,186.0,90.3,35235.0,2569.0,100.0,2017-03-18T08:34:21.137000
20140120,RURC2L_F,FRYING PAN - RUEDI RES. NR BASALT,7.3,185.0,90.3,35127.0,514.0,100.0,2017-03-18T08:34:55.219000
20140121,RURC2L_F,FRYING PAN - RUEDI RES. NR BASALT,7.3,185.0,90.3,34990.0,-653.0,100.0,2017-03-18T08:35:28.754000
20140122,RURC2L_F,FRYING PAN - RUEDI RES. NR BASALT,7.2,182.0,90.3,34592.0,-1080.0,100.0,2017-03-18T08:36:03.507000
20140123,RURC2L_F,FRYING PAN - RUEDI RES. NR BASALT,7.2,182.0,90.3,34515.0,-994.0,100.0,2017-03-18T08:36:38.558000
20140124,RURC2L_F,FRYING PAN - RUEDI RES. NR BASALT,7.2,182.0,90.3,34499.0,-877.0,100.0,2017-03-18T08:37:14.250000
20140125,RURC2L_F,FRYING PAN - RUEDI RES. NR BASALT,7.1,181.0,90.3,34370.0,-916.0,100.0,2017-03-18T08:37:51.207000
20140126,RURC2L_F,FRYING PAN - RUEDI RES. NR BASALT,7.1,181.0,90.3,34251.0,-984.0,100.0,2017-03-18T08:38:26.539000
20140127,RURC2L_F,FRYING PAN - RUEDI RES. NR BASALT,7.1,180.0,90.3,34144.0,-983.0,100.0,2017-03-18T08:39:02.246000
20140128,RURC2L_F,FRYING PAN - RUEDI RES. NR BASALT,7.1,181.0,90.3,34333.0,-657.0,100.0,2017-03-18T08:39:36.999000
20140129,RURC2L_F,FRYING PAN - RUEDI RES. NR BASALT,7.1,181.0,90.3,34248.0,-344.0,100.0,2017-03-18T08:40:12.660000
20140130,RURC2L_F,FRYING PAN - RUEDI RES. NR BASALT,7.1,181.0,90.3,34269.0,-246.0,100.0,2017-03-18T08:40:50.789000
20140131,RURC2L_F,FRYING PAN - RUEDI RES. NR BASALT,8.2,208.0,90.3,39414.0,4915.0,100.0,2017-03-18T08:41:30.090000
20140201,RURC2L_F,FRYING PAN - RUEDI RES. NR BASALT,9.1,232.0,90.3,43965.0,9595.0,100.0,2017-03-18T08:42:09.360000
20140202,RURC2L_F,FRYING PAN - RUEDI RES. NR BASALT,9.2,235.0,90.3,44514.0,10263.0,100.0,2017-03-18T08:42:47.411000
20140203,RURC2L_F,FRYING PAN - RUEDI RES. NR BASALT,9.2,235.0,90.3,44460.0,10316.0,100.0,2017-03-18T08:43:26.353000
20140204,RURC2L_F,FRYING PAN - RUEDI RES. NR BASALT,9.3,236.0,90.3,44773.0,10440.0,100.0,2017-03-18T08:44:05.326000
20140205,RURC2L_F,FRYING PAN - RUEDI RES. NR BASALT,9.7,246.0,90.3,46591.0,12343.0,100.0,2017-03-18T08:44:44.174000
20140206,RURC2L_F,FRYING PAN - RUEDI RES. NR BASALT,9.7,246.0,90.3,46615.0,12346.0,100.0,2017-03-18T08:45:23.787000
20140207,RURC2L_F,FRYING PAN - RUEDI RES. NR BASALT,9.8,248.0,90.3,46953.0,7539.0,100.0,2017-03-18T08:46:03.901000
20140208,RURC2L_F,FRYING PAN - RUEDI RES. NR BASALT,10.1,257.0,90.3,48630.0,4665.0,100.0,2017-03-18T08:46:45.859000
20140209,RURC2L_F,FRYING PAN - RUEDI RES. NR BASALT,10.4,264.0,90.3,50103.0,5589.0,100.0,2017-03-18T08:47:28.660000
20140210,RURC2L_F,FRYING PAN - RUEDI RES. NR BASALT,10.8,275.0,90.3,52140.0,7680.0,100.0,2017-03-18T08:48:08.868000
20140211,RURC2L_F,FRYING PAN - RUEDI RES. NR BASALT,12.0,304.0,90.3,57617.0,12844.0,100.0,2017-03-18T08:48:49.450000
20140212,RURC2L_F,FRYING PAN - RUEDI RES. NR BASALT,12.0,304.0,90.3,57554.0,10963.0,100.0,2017-03-18T08:49:30.486000
20140213,RURC2L_F,FRYING PAN - RUEDI RES. NR BASALT,12.0,304.0,90.3,57599.0,10984.0,100.0,2017-03-18T08:50:14.866000
20140214,RURC2L_F,FRYING PAN - RUEDI RES. NR BASALT,12.0,305.0,90.3,57835.0,10882.0,100.0,2017-03-18T08:50:57.636000
20140215,RURC2L_F,FRYING PAN - RUEDI RES. NR BASALT,12.0,306.0,90.3,57931.0,9301.0,100.0,2017-03-18T08:51:38.453000
20140216,RURC2L_F,FRYING PAN - RUEDI RES. NR BASALT,11.9,303.0,90.3,57525.0,7422.0,100.0,2017-03-18T08:52:17.051000
20140217,RURC2L_F,FRYING PAN - RUEDI RES. NR BASALT,11.9,302.0,90.3,57187.0,5047.0,100.0,2017-03-18T08:52:55.055000
20140218,RURC2L_F,FRYING PAN - RUEDI RES. NR BASALT,11.8,300.0,90.3,56839.0,-778.0,100.0,2017-03-18T08:53:32.934000
20140219,RURC2L_F,FRYING PAN - RUEDI RES. NR BASALT,11.7,296.0,90.3,56161.0,-1393.0,100.0,2017-03-18T08:54:10.907000
20140220,RURC2L_F,FRYING PAN - RUEDI RES. NR BASALT,13.3,339.0,90.3,64252.0,6653.0,100.0,2017-03-18T08:54:50.349000
20140221,RURC2L_F,FRYING PAN - RUEDI RES. NR BASALT,13.4,341.0,90.3,64581.0,6746.0,100.0,2017-03-18T08:55:29.603000
20140222,RURC2L_F,FRYING PAN - RUEDI RES. NR BASALT,13.4,341.0,90.3,64581.0,6650.0,100.0,2017-03-18T08:56:06.529000
20140223,RURC2L_F,FRYING PAN - RUEDI RES. NR BASALT,13.4,340.0,90.3,64419.0,6894.0,100.0,2017-03-18T08:56:41.705000
20140224,RURC2L_F,FRYING PAN - RUEDI RES. NR BASALT,13.3,338.0,90.3,64082.0,6895.0,100.0,2017-03-18T08:57:17.208000
20140225,RURC2L_F,FRYING PAN - RUEDI RES. NR BASALT,13.2,335.0,90.3,63581.0,6742.0,100.0,2017-03-18T08:57:52.603000
20140226,RURC2L_F,FRYING PAN - RUEDI RES. NR BASALT,13.1,333.0,90.3,63088.0,6927.0,100.0,2017-03-18T08:58:27.716000
20140227,RURC2L_F,FRYING PAN - RUEDI RES. NR BASALT,13.1,332.0,90.3,62885.0,-1367.0,100.0,2017-03-18T08:59:04.189000
20140228,RURC2L_F,FRYING PAN - RUEDI RES. NR BASALT,13.2,335.0,90.3,63416.0,-1165.0,100.0,2017-03-18T08:59:41.209000
20140301,RURC2L_F,FRYING PAN - RUEDI RES. NR BASALT,13.3,337.0,90.3,63921.0,-660.0,100.0,2017-03-18T09:00:18.134000
20140302,RURC2L_F,FRYING PAN - RUEDI RES. NR BASALT,13.6,346.0,90.3,65586.0,1167.0,100.0,2017-03-18T09:00:55.779000
20140303,RURC2L_F,FRYING PAN - RUEDI RES. NR BASALT,13.8,349.0,90.3,66247.0,2165.0,100.0,2017-03-18T09:01:36.143000
20140304,RURC2L_F,FRYING PAN - RUEDI RES. NR BASALT,13.7,349.0,90.3,66091.0,2510.0,100.0,2017-03-18T09:02:17.179000
20140305,RURC2L_F,FRYING PAN - RUEDI RES. NR BASALT,15.7,399.0,90.3,75589.0,12501.0,100.0,2017-03-18T09:02:58.339000
20140306,RURC2L_F,FRYING PAN - RUEDI RES. NR BASALT,15.7,399.0,90.3,75539.0,12654.0,100.0,2017-03-18T09:03:39.063000
20140307,RURC2L_F,FRYING PAN - RUEDI RES. NR BASALT,15.6,397.0,90.3,75166.0,11750.0,100.0,2017-03-18T09:04:20.145000
20140308,RURC2L_F,FRYING PAN - RUEDI RES. NR BASALT,16.4,417.0,90.3,79088.0,15167.0,100.0,2017-03-18T09:04:59.618000
20140309,RURC2L_F,FRYING PAN - RUEDI RES. NR BASALT,16.5,418.0,90.3,79323.0,13737.0,100.0,2017-03-18T09:05:37.388000
20140310,RURC2L_F,FRYING PAN - RUEDI RES. NR BASALT,16.4,417.0,90.3,79052.0,12805.0,100.0,2017-03-18T09:06:13.532000
20140311,RURC2L_F,FRYING PAN - RUEDI RES. NR BASALT,16.3,413.0,90.3,78297.0,12206.0,100.0,2017-03-18T09:06:48.583000
20140312,RURC2L_F,FRYING PAN - RUEDI RES. NR BASALT,16.6,421.0,90.3,79773.0,4184.0,100.0,2017-03-18T09:07:23.477000
20140313,RURC2L_F,FRYING PAN - RUEDI RES. NR BASALT,16.5,420.0,90.3,79671.0,4132.0,100.0,2017-03-18T09:07:58.622000
20140314,RURC2L_F,FRYING PAN - RUEDI RES. NR BASALT,16.7,424.0,90.3,80382.0,5216.0,100.0,2017-03-18T09:08:32.110000
20140315,RURC2L_F,FRYING PAN - RUEDI RES. NR BASALT,16.7,423.0,90.3,80219.0,1131.0,100.0,2017-03-18T09:09:05.754000
20140316,RURC2L_F,FRYING PAN - RUEDI RES. NR BASALT,17.0,432.0,90.3,81820.0,2497.0,100.0,2017-03-18T09:09:39.429000
20140317,RURC2L_F,FRYING PAN - RUEDI RES. NR BASALT,16.9,430.0,90.3,81568.0,2516.0,100.0,2017-03-18T09:10:14.793000
20140318,RURC2L_F,FRYING PAN - RUEDI RES. NR BASALT,16.9,429.0,90.3,81261.0,2964.0,100.0,2017-03-18T09:10:50.937000
20140319,RURC2L_F,FRYING PAN - RUEDI RES. NR BASALT,17.0,433.0,90.3,81997.0,2224.0,100.0,2017-03-18T09:11:26.191000
20140320,RURC2L_F,FRYING PAN - RUEDI RES. NR BASALT,17.9,455.0,90.3,86265.0,6594.0,100.0,2017-03-18T09:12:01.085000
20140321,RURC2L_F,FRYING PAN - RUEDI RES. NR BASALT,17.8,453.0,90.3,85855.0,5473.0,100.0,2017-03-18T09:12:34.245000
20140322,RURC2L_F,FRYING PAN - RUEDI RES. NR BASALT,17.8,451.0,90.3,85567.0,5348.0,100.0,2017-03-18T09:13:05.983000
20140323,RURC2L_F,FRYING PAN - RUEDI RES. NR BASALT,18.1,459.0,90.3,87036.0,5216.0,100.0,2017-03-18T09:13:37.783000
20140324,RURC2L_F,FRYING PAN - RUEDI RES. NR BASALT,18.0,458.0,90.3,86749.0,5181.0,100.0,2017-03-18T09:14:10.599000
20140325,RURC2L_F,FRYING PAN - RUEDI RES. NR BASALT,17.9,455.0,90.3,86280.0,5019.0,100.0,2017-03-18T09:14:42.431000
20140326,RURC2L_F,FRYING PAN - RUEDI RES. NR BASALT,18.6,473.0,90.3,89661.0,7664.0,100.0,2017-03-18T09:15:16.653000
20140327,RURC2L_F,FRYING PAN - RUEDI RES. NR BASALT,18.8,479.0,90.3,90756.0,4491.0,100.0,2017-03-18T09:15:52.626000
20140328,RURC2L_F,FRYING PAN - RUEDI RES. NR BASALT,19.3,490.0,90.3,92852.0,6997.0,100.0,2017-03-18T09:16:29.020000
20140329,RURC2L_F,FRYING PAN - RUEDI RES. NR BASALT,19.4,492.0,90.3,93252.0,7685.0,100.0,2017-03-18T09:17:04.431000
20140330,RURC2L_F,FRYING PAN - RUEDI RES. NR BASALT,19.3,490.0,90.3,92794.0,5758.0,100.0,2017-03-18T09:17:39.919000
20140331,RURC2L_F,FRYING PAN - RUEDI RES. NR BASALT,19.3,490.0,90.3,92831.0,6082.0,100.0,2017-03-18T09:18:15.735000
20140401,RURC2L_F,FRYING PAN - RUEDI RES. NR BASALT,19.3,491.0,90.3,93116.0,6836.0,100.0,2017-03-18T09:18:50.223000
20140402,RURC2L_F,FRYING PAN - RUEDI RES. NR BASALT,19.4,492.0,90.3,93176.0,3515.0,100.0,2017-03-18T09:19:24.524000
20140403,RURC2L_F,FRYING PAN - RUEDI RES. NR BASALT,19.3,491.0,90.3,93103.0,2347.0,100.0,2017-03-18T09:19:59.465000
20140404,RURC2L_F,FRYING PAN - RUEDI RES. NR BASALT,19.8,504.0,90.3,95441.0,2589.0,100.0,2017-03-18T09:20:35.688000
20140405,RURC2L_F,FRYING PAN - RUEDI RES. NR BASALT,19.8,503.0,90.3,95403.0,2151.0,100.0,2017-03-18T09:21:11.489000
20140406,RURC2L_F,FRYING PAN - RUEDI RES. NR BASALT,19.9,505.0,90.3,95765.0,2971.0,100.0,2017-03-18T09:21:45.273000
20140407,RURC2L_F,FRYING PAN - RUEDI RES. NR BASALT,20.1,511.0,90.3,96804.0,3973.0,100.0,2017-03-18T09:22:18.277000
20140408,RURC2L_F,FRYING PAN - RUEDI RES. NR BASALT,20.2,512.0,90.3,97054.0,3938.0,100.0,2017-03-18T09:22:49.484000
20140409,RURC2L_F,FRYING PAN - RUEDI RES. NR BASALT,20.1,509.0,90.3,96567.0,3391.0,100.0,2017-03-18T09:23:19.487000
20140410,RURC2L_F,FRYING PAN - RUEDI RES. NR BASALT,20.8,529.0,90.3,100279.0,7176.0,100.0,2017-03-18T09:23:49.396000
20140411,RURC2L_F,FRYING PAN - RUEDI RES. NR BASALT,20.5,520.0,90.3,98556.0,3115.0,100.0,2017-03-18T09:24:18.790000
20140412,RURC2L_F,FRYING PAN - RUEDI RES. NR BASALT,20.1,510.0,90.3,96636.0,1233.0,100.0,2017-03-18T09:24:47.403000
20140413,RURC2L_F,FRYING PAN - RUEDI RES. NR BASALT,19.7,499.0,90.3,94668.0,-1097.0,100.0,2017-03-18T09:25:16.203000
20140414,RURC2L_F,FRYING PAN - RUEDI RES. NR BASALT,20.1,510.0,90.3,96623.0,-181.0,100.0,2017-03-18T09:25:48.253000
20140415,RURC2L_F,FRYING PAN - RUEDI RES. NR BASALT,20.0,509.0,90.3,96389.0,-665.0,100.0,2017-03-18T09:26:20.788000
20140416,RURC2L_F,FRYING PAN - RUEDI RES. NR BASALT,19.9,504.0,90.3,95591.0,-976.0,100.0,2017-03-18T09:26:53.854000
20140417,RURC2L_F,FRYING PAN - RUEDI RES. NR BASALT,19.7,500.0,90.3,94767.0,-5512.0,100.0,2017-03-18T09:27:25.873000
20140418,RURC2L_F,FRYING PAN - RUEDI RES. NR BASALT,19.5,494.0,90.3,93692.0,-4864.0,100.0,2017-03-18T09:27:56.407000
20140419,RURC2L_F,FRYING PAN - RUEDI RES. NR BASALT,19.7,500.0,90.3,94793.0,-1843.0,100.0,2017-03-18T09:28:26.957000
20140420,RURC2L_F,FRYING PAN - RUEDI RES. NR BASALT,19.4,493.0,90.3,93457.0,-1211.0,100.0,2017-03-18T09:28:56.601000
20140421,RURC2L_F,FRYING PAN - RUEDI RES. NR BASALT,19.2,487.0,90.3,92282.0,-4341.0,100.0,2017-03-18T09:29:24.401000
20140422,RURC2L_F,FRYING PAN - RUEDI RES. NR BASALT,18.7,476.0,90.3,90213.0,-6176.0,100.0,2017-03-18T09:29:51.560000
20140423,RURC2L_F,FRYING PAN - RUEDI RES. NR BASALT,18.1,460.0,90.3,87159.0,-8432.0,100.0,2017-03-18T09:30:20.829000
20140424,RURC2L_F,FRYING PAN - RUEDI RES. NR BASALT,17.5,445.0,90.3,84308.0,-10459.0,100.0,2017-03-18T09:30:50.426000
20140425,RURC2L_F,FRYING PAN - RUEDI RES. NR BASALT,17.2,437.0,90.3,82925.0,-10767.0,100.0,2017-03-18T09:31:19.242000
20140426,RURC2L_F,FRYING PAN - RUEDI RES. NR BASALT,16.7,424.0,90.3,80465.0,-14328.0,99.82,2017-03-18T09:31:48.995000
20140427,RURC2L_F,FRYING PAN - RUEDI RES. NR BASALT,16.2,412.0,90.3,78162.0,-15295.0,99.82,2017-03-18T09:32:20.452000
20140428,RURC2L_F,FRYING PAN - RUEDI RES. NR BASALT,16.5,419.0,90.3,79463.0,-12819.0,100.0,2017-03-18T09:32:54.737000
20140429,RURC2L_F,FRYING PAN - RUEDI RES. NR BASALT,16.7,424.0,90.3,80418.0,-9795.0,100.0,2017-03-18T09:33:27.349000
20140430,RURC2L_F,FRYING PAN - RUEDI RES. NR BASALT,16.6,423.0,90.3,80153.0,-7006.0,100.0,2017-03-18T09:33:59.072000
20140501,RURC2L_F,FRYING PAN - RUEDI RES. NR BASALT,17.9,455.0,90.3,86188.0,1880.0,100.0,2017-03-18T09:34:30.262000
20140502,RURC2L_F,FRYING PAN - RUEDI RES. NR BASALT,17.8,452.0,90.3,85723.0,2798.0,100.0,2017-03-18T09:34:58.375000
20140503,RURC2L_F,FRYING PAN - RUEDI RES. NR BASALT,17.5,444.0,90.3,84225.0,3760.0,99.82,2017-03-18T09:35:25.581000
20140504,RURC2L_F,FRYING PAN - RUEDI RES. NR BASALT,16.9,428.0,90.3,81211.0,3049.0,99.82,2017-03-18T09:35:53.021000
20140505,RURC2L_F,FRYING PAN - RUEDI RES. NR BASALT,15.8,401.0,90.3,76043.0,-3420.0,99.54,2017-03-18T09:36:20.806000
20140506,RURC2L_F,FRYING PAN - RUEDI RES. NR BASALT,14.9,377.0,90.3,71529.0,-8889.0,99.08,2017-03-18T09:36:48.262000
20140507,RURC2L_F,FRYING PAN - RUEDI RES. NR BASALT,14.1,359.0,90.3,68049.0,-12104.0,98.17,2017-03-18T09:37:15.999000
20140508,RURC2L_F,FRYING PAN - RUEDI RES. NR BASALT,13.6,347.0,90.3,65699.0,-20489.0,98.17,2017-03-18T09:37:44.362000
20140509,RURC2L_F,FRYING PAN - RUEDI RES. NR BASALT,14.2,361.0,90.3,68521.0,-17202.0,99.27,2017-03-18T09:38:13.255000
20140510,RURC2L_F,FRYING PAN - RUEDI RES. NR BASALT,14.2,360.0,90.3,68311.0,-15914.0,97.71,2017-03-18T09:38:42.165000
20140511,RURC2L_F,FRYING PAN - RUEDI RES. NR BASALT,14.1,358.0,90.3,67950.0,-13261.0,97.71,2017-03-18T09:39:11.152000
20140512,RURC2L_F,FRYING PAN - RUEDI RES. NR BASALT,15.0,380.0,90.3,72026.0,-4017.0,97.71,2017-03-18T09:39:41.765000
20140513,RURC2L_F,FRYING PAN - RUEDI RES. NR BASALT,15.7,400.0,90.3,75824.0,4295.0,100.0,2017-03-18T09:40:11.706000
20140514,RURC2L_F,FRYING PAN - RUEDI RES. NR BASALT,15.8,402.0,90.3,76272.0,8223.0,100.0,2017-03-18T09:40:40.631000
20140515,RURC2L_F,FRYING PAN - RUEDI RES. NR BASALT,15.8,401.0,90.3,76029.0,10330.0,100.0,2017-03-18T09:41:08.493000
20140516,RURC2L_F,FRYING PAN - RUEDI RES. NR BASALT,15.7,398.0,90.3,75460.0,6939.0,97.61,2017-03-18T09:41:35.793000
20140517,RURC2L_F,FRYING PAN - RUEDI RES. NR BASALT,15.3,388.0,90.3,73563.0,5252.0,96.7,2017-03-18T09:42:03.733000
20140518,RURC2L_F,FRYING PAN - RUEDI RES. NR BASALT,14.7,374.0,90.3,70839.0,2889.0,94.68,2017-03-18T09:42:30.174000
20140519,RURC2L_F,FRYING PAN - RUEDI RES. NR BASALT,13.8,352.0,90.3,66646.0,-5380.0,93.3,2017-03-18T09:42:56.864000
20140520,RURC2L_F,FRYING PAN - RUEDI RES. NR BASALT,12.6,321.0,90.3,60902.0,-14922.0,90.92,2017-03-18T09:43:23.383000
20140521,RURC2L_F,FRYING PAN - RUEDI RES. NR BASALT,11.8,300.0,90.3,56929.0,-19343.0,88.35,2017-03-18T09:43:49.902000
20140522,RURC2L_F,FRYING PAN - RUEDI RES. NR BASALT,11.2,284.0,90.3,53817.0,-22212.0,86.24,2017-03-18T09:44:16.514000
20140523,RURC2L_F,FRYING PAN - RUEDI RES. NR BASALT,10.7,272.0,90.3,51521.0,-23939.0,82.94,2017-03-18T09:44:43.657000
20140524,RURC2L_F,FRYING PAN - RUEDI RES. NR BASALT,10.4,263.0,90.3,49835.0,-23728.0,81.38,2017-03-18T09:45:10.395000
20140525,RURC2L_F,FRYING PAN - RUEDI RES. NR BASALT,10.2,260.0,90.3,49340.0,-21499.0,81.38,2017-03-18T09:45:37.538000
20140526,RURC2L_F,FRYING PAN - RUEDI RES. NR BASALT,10.2,259.0,90.3,49020.0,-17626.0,81.1,2017-03-18T09:46:04.400000
20140527,RURC2L_F,FRYING PAN - RUEDI RES. NR BASALT,9.8,249.0,90.3,47111.0,-13791.0,78.99,2017-03-18T09:46:31.091000
20140528,RURC2L_F,FRYING PAN - RUEDI RES. NR BASALT,9.1,232.0,90.3,43939.0,-12990.0,76.51,2017-03-18T09:46:58.203000
20140529,RURC2L_F,FRYING PAN - RUEDI RES. NR BASALT,8.6,219.0,90.3,41546.0,-12271.0,74.95,2017-03-18T09:47:24.987000
20140530,RURC2L_F,FRYING PAN - RUEDI RES. NR BASALT,7.7,196.0,90.3,37177.0,-14344.0,74.31,2017-03-18T09:47:51.334000
20140531,RURC2L_F,FRYING PAN - RUEDI RES. NR BASALT,7.3,186.0,90.3,35281.0,-14554.0,74.04,2017-03-18T09:48:18.149000
20140601,RURC2L_F,FRYING PAN - RUEDI RES. NR BASALT,6.7,169.0,90.3,32086.0,-17254.0,71.28,2017-03-18T09:48:44.340000
20140602,RURC2L_F,FRYING PAN - RUEDI RES. NR BASALT,5.9,151.0,90.3,28603.0,-20417.0,67.25,2017-03-18T09:49:10.452000
20140603,RURC2L_F,FRYING PAN - RUEDI RES. NR BASALT,5.6,141.0,90.3,26754.0,-20357.0,65.69,2017-03-18T09:49:36.345000
20140604,RURC2L_F,FRYING PAN - RUEDI RES. NR BASALT,4.7,119.0,90.3,22603.0,-21336.0,59.54,2017-03-18T09:50:02.176000
20140605,RURC2L_F,FRYING PAN - RUEDI RES. NR BASALT,4.2,107.0,90.3,20211.0,-21335.0,57.8,2017-03-18T09:50:28.148000
20140606,RURC2L_F,FRYING PAN - RUEDI RES. NR BASALT,3.9,98.0,90.3,18561.0,-18616.0,56.51,2017-03-18T09:50:53.729000
20140607,RURC2L_F,FRYING PAN - RUEDI RES. NR BASALT,3.5,89.0,90.3,16794.0,-18487.0,55.6,2017-03-18T09:51:19.481000
20140608,RURC2L_F,FRYING PAN - RUEDI RES. NR BASALT,3.2,81.0,90.3,15282.0,-16804.0,54.5,2017-03-18T09:51:45.765000
20140609,RURC2L_F,FRYING PAN - RUEDI RES. NR BASALT,3.1,79.0,90.3,14891.0,-13712.0,58.72,2017-03-18T09:52:12.503000
20140610,RURC2L_F,FRYING PAN - RUEDI RES. NR BASALT,2.9,74.0,90.3,14106.0,-12648.0,53.3,2017-03-18T09:52:38.818000
20140611,RURC2L_F,FRYING PAN - RUEDI RES. NR BASALT,2.6,66.0,90.3,12575.0,-10028.0,50.37,2017-03-18T09:53:04.805000
20140612,RURC2L_F,FRYING PAN - RUEDI RES. NR BASALT,2.3,59.0,90.3,11116.0,-9095.0,45.14,2017-03-18T09:53:30.683000
20140613,RURC2L_F,FRYING PAN - RUEDI RES. NR BASALT,2.1,53.0,90.3,10094.0,-8467.0,43.58,2017-03-18T09:53:56.764000
20140614,RURC2L_F,FRYING PAN - RUEDI RES. NR BASALT,1.7,44.0,90.3,8365.0,-8429.0,39.27,2017-03-18T09:54:23.236000
20140615,RURC2L_F,FRYING PAN - RUEDI RES. NR BASALT,1.6,39.0,90.3,7472.0,-7810.0,37.71,2017-03-18T09:54:49.192000
20140616,RURC2L_F,FRYING PAN - RUEDI RES. NR BASALT,1.4,36.0,90.3,6884.0,-8007.0,36.24,2017-03-18T09:55:14.929000
20140617,RURC2L_F,FRYING PAN - RUEDI RES. NR BASALT,1.2,31.0,90.3,5892.0,-8214.0,31.1,2017-03-18T09:55:41.354000
20140618,RURC2L_F,FRYING PAN - RUEDI RES. NR BASALT,1.0,25.0,90.3,4661.0,-7914.0,24.86,2017-03-18T09:56:09.513000
20140619,RURC2L_F,FRYING PAN - RUEDI RES. NR BASALT,0.9,22.0,90.3,4127.0,-6989.0,23.03,2017-03-18T09:56:36.250000
20140620,RURC2L_F,FRYING PAN - RUEDI RES. NR BASALT,0.8,20.0,90.3,3794.0,-6300.0,20.55,2017-03-18T09:57:03.113000
20140621,RURC2L_F,FRYING PAN - RUEDI RES. NR BASALT,0.7,18.0,90.3,3414.0,-4951.0,19.27,2017-03-18T09:57:29.600000
20140622,RURC2L_F,FRYING PAN - RUEDI RES. NR BASALT,0.6,16.0,90.3,3013.0,-4459.0,17.61,2017-03-18T09:57:55.462000
20140623,RURC2L_F,FRYING PAN - RUEDI RES. NR BASALT,0.6,14.0,90.3,2733.0,-4151.0,16.24,2017-03-18T09:58:20.778000
20140624,RURC2L_F,FRYING PAN - RUEDI RES. NR BASALT,0.5,13.0,90.3,2469.0,-3423.0,15.32,2017-03-18T09:58:46.515000
20140625,RURC2L_F,FRYING PAN - RUEDI RES. NR BASALT,0.4,11.0,90.3,2157.0,-2504.0,14.13,2017-03-18T09:59:12.455000
20140626,RURC2L_F,FRYING PAN - RUEDI RES. NR BASALT,0.4,10.0,90.3,1831.0,-2296.0,12.75,2017-03-18T09:59:38.208000
20140627,RURC2L_F,FRYING PAN - RUEDI RES. NR BASALT,0.3,8.0,90.3,1464.0,-2330.0,12.02,2017-03-18T10:00:04.055000
20140628,RURC2L_F,FRYING PAN - RUEDI RES. NR BASALT,0.3,6.0,90.3,1209.0,-2205.0,11.01,2017-03-18T10:00:30.042000
20140629,RURC2L_F,FRYING PAN - RUEDI RES. NR BASALT,0.2,5.0,90.3,1008.0,-2005.0,10.55,2017-03-18T10:00:55.982000
20140630,RURC2L_F,FRYING PAN - RUEDI RES. NR BASALT,0.1,4.0,90.3,678.0,-2055.0,9.27,2017-03-18T10:01:21.251000
20140701,RURC2L_F,FRYING PAN - RUEDI RES. NR BASALT,0.1,2.0,90.3,434.0,-2035.0,6.88,2017-03-18T10:01:47.238000
20140702,RURC2L_F,FRYING PAN - RUEDI RES. NR BASALT,0.1,2.0,90.3,349.0,-1808.0,6.42,2017-03-18T10:02:12.553000
20140703,RURC2L_F,FRYING PAN - RUEDI RES. NR BASALT,0.1,1.0,90.3,258.0,-1573.0,4.95,2017-03-18T10:02:37.790000
20140704,RURC2L_F,FRYING PAN - RUEDI RES. NR BASALT,0.0,1.0,90.3,203.0,-1261.0,4.13,2017-03-18T10:03:03.028000
20140705,RURC2L_F,FRYING PAN - RUEDI RES. NR BASALT,0.0,1.0,90.3,141.0,-1068.0,3.58,2017-03-18T10:03:28.140000
20140706,RURC2L_F,FRYING PAN - RUEDI RES. NR BASALT,0.0,1.0,90.3,98.0,-910.0,3.58,2017-03-18T10:03:53.236000
20140707,RURC2L_F,FRYING PAN - RUEDI RES. NR BASALT,0.0,0.0,90.3,52.0,-626.0,3.21,2017-03-18T10:04:18.114000
20140708,RURC2L_F,FRYING PAN - RUEDI RES. NR BASALT,0.0,0.0,90.3,6.0,-428.0,1.19,2017-03-18T10:04:44.304000
20140709,RURC2L_F,FRYING PAN - RUEDI RES. NR BASALT,0.0,0.0,90.3,0.0,-349.0,0.0,2017-03-18T10:05:09.619000
20140710,RURC2L_F,FRYING PAN - RUEDI RES. NR BASALT,0.0,0.0,90.3,0.0,-258.0,0.0,2017-03-18T10:05:35.404000
20140711,RURC2L_F,FRYING PAN - RUEDI RES. NR BASALT,0.0,0.0,90.3,0.0,-203.0,0.0,2017-03-18T10:06:00.531000
20140712,RURC2L_F,FRYING PAN - RUEDI RES. NR BASALT,0.0,0.0,90.3,0.0,-141.0,0.0,2017-03-18T10:06:25.768000
20140713,RURC2L_F,FRYING PAN - RUEDI RES. NR BASALT,0.0,0.0,90.3,0.0,-98.0,0.0,2017-03-18T10:06:50.396000
20140714,RURC2L_F,FRYING PAN - RUEDI RES. NR BASALT,0.0,0.0,90.3,0.0,-52.0,0.0,2017-03-18T10:07:15.399000
20140715,RURC2L_F,FRYING PAN - RUEDI RES. NR BASALT,0.0,0.0,90.3,0.0,-6.0,0.0,2017-03-18T10:07:40.776000
20140716,RURC2L_F,FRYING PAN - RUEDI RES. NR BASALT,0.0,0.0,90.3,0.0,0.0,0.0,2017-03-18T10:08:06.092000
20140717,RURC2L_F,FRYING PAN - RUEDI RES. NR BASALT,0.0,0.0,90.3,0.0,0.0,0.0,2017-03-18T10:08:30.875000
20140718,RURC2L_F,FRYING PAN - RUEDI RES. NR BASALT,0.0,0.0,90.3,0.0,0.0,0.0,2017-03-18T10:08:55.894000
20140719,RURC2L_F,FRYING PAN - RUEDI RES. NR BASALT,0.0,0.0,90.3,0.0,0.0,0.0,2017-03-18T10:09:20.569000
20140720,RURC2L_F,FRYING PAN - RUEDI RES. NR BASALT,0.0,0.0,90.3,0.0,0.0,0.0,2017-03-18T10:09:45.509000
20140721,RURC2L_F,FRYING PAN - RUEDI RES. NR BASALT,0.0,0.0,90.3,0.0,0.0,0.0,2017-03-18T10:10:10.543000
20140722,RURC2L_F,FRYING PAN - RUEDI RES. NR BASALT,0.0,0.0,90.3,0.0,0.0,0.0,2017-03-18T10:10:36.233000
20140723,RURC2L_F,FRYING PAN - RUEDI RES. NR BASALT,0.0,0.0,90.3,0.0,0.0,0.0,2017-03-18T10:11:01.533000
20140724,RURC2L_F,FRYING PAN - RUEDI RES. NR BASALT,0.0,0.0,90.3,0.0,0.0,0.0,2017-03-18T10:11:27.129000
20140725,RURC2L_F,FRYING PAN - RUEDI RES. NR BASALT,0.0,0.0,90.3,0.0,0.0,0.0,2017-03-18T10:11:52.054000
20140726,RURC2L_F,FRYING PAN - RUEDI RES. NR BASALT,0.0,0.0,90.3,0.0,0.0,0.0,2017-03-18T10:12:16.791000
20140727,RURC2L_F,FRYING PAN - RUEDI RES. NR BASALT,0.0,0.0,90.3,0.0,0.0,0.0,2017-03-18T10:12:41.387000
20140728,RURC2L_F,FRYING PAN - RUEDI RES. NR BASALT,0.0,0.0,90.3,0.0,0.0,0.0,2017-03-18T10:13:06.656000
20140729,RURC2L_F,FRYING PAN - RUEDI RES. NR BASALT,0.0,0.0,90.3,0.0,0.0,0.0,2017-03-18T10:13:32.377000
20140730,RURC2L_F,FRYING PAN - RUEDI RES. NR BASALT,0.0,0.0,90.3,0.0,0.0,0.0,2017-03-18T10:13:57.802000
20140731,RURC2L_F,FRYING PAN - RUEDI RES. NR BASALT,0.0,0.0,90.3,0.0,0.0,0.0,2017-03-18T10:14:23.539000
20140801,RURC2L_F,FRYING PAN - RUEDI RES. NR BASALT,0.0,0.0,90.3,0.0,0.0,0.0,2017-03-18T10:14:50.229000
20140802,RURC2L_F,FRYING PAN - RUEDI RES. NR BASALT,0.0,0.0,90.3,0.0,0.0,0.0,2017-03-18T10:15:15.513000
20140803,RURC2L_F,FRYING PAN - RUEDI RES. NR BASALT,0.0,0.0,90.3,0.0,0.0,0.0,2017-03-18T10:15:41.094000
20140804,RURC2L_F,FRYING PAN - RUEDI RES. NR BASALT,0.0,0.0,90.3,0.0,0.0,0.0,2017-03-18T10:16:07.253000
20140805,RURC2L_F,FRYING PAN - RUEDI RES. NR BASALT,0.0,0.0,90.3,0.0,0.0,0.0,2017-03-18T10:16:33.147000
20140806,RURC2L_F,FRYING PAN - RUEDI RES. NR BASALT,0.0,0.0,90.3,0.0,0.0,0.0,2017-03-18T10:16:58.681000
20140807,RURC2L_F,FRYING PAN - RUEDI RES. NR BASALT,0.0,0.0,90.3,0.0,0.0,0.0,2017-03-18T10:17:23.980000
20140808,RURC2L_F,FRYING PAN - RUEDI RES. NR BASALT,0.0,0.0,90.3,0.0,0.0,0.0,2017-03-18T10:17:49.358000
20140809,RURC2L_F,FRYING PAN - RUEDI RES. NR BASALT,0.0,0.0,90.3,0.0,0.0,0.0,2017-03-18T10:18:15.017000
20140810,RURC2L_F,FRYING PAN - RUEDI RES. NR BASALT,0.0,0.0,90.3,0.0,0.0,0.0,2017-03-18T10:18:40.332000
20140811,RURC2L_F,FRYING PAN - RUEDI RES. NR BASALT,0.0,0.0,90.3,0.0,0.0,0.0,2017-03-18T10:19:06.069000
20140812,RURC2L_F,FRYING PAN - RUEDI RES. NR BASALT,0.0,0.0,90.3,0.0,0.0,0.0,2017-03-18T10:19:31.760000
20140813,RURC2L_F,FRYING PAN - RUEDI RES. NR BASALT,0.0,0.0,90.3,0.0,0.0,0.0,2017-03-18T10:19:57.153000
20140814,RURC2L_F,FRYING PAN - RUEDI RES. NR BASALT,0.0,0.0,90.3,0.0,0.0,0.0,2017-03-18T10:20:22.859000
20140815,RURC2L_F,FRYING PAN - RUEDI RES. NR BASALT,0.0,0.0,90.3,0.0,0.0,0.0,2017-03-18T10:20:48.205000
20140816,RURC2L_F,FRYING PAN - RUEDI RES. NR BASALT,0.0,0.0,90.3,0.0,0.0,0.0,2017-03-18T10:21:13.130000
20140817,RURC2L_F,FRYING PAN - RUEDI RES. NR BASALT,0.0,0.0,90.3,0.0,0.0,0.0,2017-03-18T10:21:38.070000
20140818,RURC2L_F,FRYING PAN - RUEDI RES. NR BASALT,0.0,0.0,90.3,0.0,0.0,0.0,2017-03-18T10:22:03.229000
20140819,RURC2L_F,FRYING PAN - RUEDI RES. NR BASALT,0.0,0.0,90.3,0.0,0.0,0.0,2017-03-18T10:22:28.779000
20140820,RURC2L_F,FRYING PAN - RUEDI RES. NR BASALT,0.0,0.0,90.3,0.0,0.0,0.0,2017-03-18T10:22:55.094000
20140821,RURC2L_F,FRYING PAN - RUEDI RES. NR BASALT,0.0,0.0,90.3,0.0,0.0,0.0,2017-03-18T10:23:20.253000
20140822,RURC2L_F,FRYING PAN - RUEDI RES. NR BASALT,0.0,0.0,90.3,0.0,0.0,0.0,2017-03-18T10:23:46.006000
20140823,RURC2L_F,FRYING PAN - RUEDI RES. NR BASALT,0.0,0.0,90.3,0.0,0.0,0.0,2017-03-18T10:24:12.227000
20140824,RURC2L_F,FRYING PAN - RUEDI RES. NR BASALT,0.0,0.0,90.3,0.0,0.0,0.0,2017-03-18T10:24:38.996000
20140825,RURC2L_F,FRYING PAN - RUEDI RES. NR BASALT,0.0,0.0,90.3,0.0,0.0,0.0,2017-03-18T10:25:04.139000
20140826,RURC2L_F,FRYING PAN - RUEDI RES. NR BASALT,0.0,0.0,90.3,0.0,0.0,0.0,2017-03-18T10:25:29.095000
20140827,RURC2L_F,FRYING PAN - RUEDI RES. NR BASALT,0.0,0.0,90.3,0.0,0.0,0.0,2017-03-18T10:25:54.144000
20140828,RURC2L_F,FRYING PAN - RUEDI RES. NR BASALT,0.0,0.0,90.3,0.0,0.0,0.0,2017-03-18T10:26:19.491000
20140829,RURC2L_F,FRYING PAN - RUEDI RES. NR BASALT,0.0,0.0,90.3,0.0,0.0,0.0,2017-03-18T10:26:44.228000
20140830,RURC2L_F,FRYING PAN - RUEDI RES. NR BASALT,0.0,0.0,90.3,0.0,0.0,0.0,2017-03-18T10:27:08.981000
20140831,RURC2L_F,FRYING PAN - RUEDI RES. NR BASALT,0.0,0.0,90.3,0.0,0.0,0.0,2017-03-18T10:27:34.390000
20140901,RURC2L_F,FRYING PAN - RUEDI RES. NR BASALT,0.0,0.0,90.3,0.0,0.0,0.0,2017-03-18T10:27:59.627000
20140902,RURC2L_F,FRYING PAN - RUEDI RES. NR BASALT,0.0,0.0,90.3,0.0,0.0,0.0,2017-03-18T10:28:24.317000
20140903,RURC2L_F,FRYING PAN - RUEDI RES. NR BASALT,0.0,0.0,90.3,0.0,0.0,0.0,2017-03-18T10:28:49.226000
20140904,RURC2L_F,FRYING PAN - RUEDI RES. NR BASALT,0.0,0.0,90.3,0.0,0.0,0.0,2017-03-18T10:29:14.479000
20140905,RURC2L_F,FRYING PAN - RUEDI RES. NR BASALT,0.0,0.0,90.3,0.0,0.0,0.0,2017-03-18T10:29:39.684000
20140906,RURC2L_F,FRYING PAN - RUEDI RES. NR BASALT,0.0,0.0,90.3,0.0,0.0,0.0,2017-03-18T10:30:05.218000
20140907,RURC2L_F,FRYING PAN - RUEDI RES. NR BASALT,0.0,0.0,90.3,0.0,0.0,0.0,2017-03-18T10:30:30.362000
20140908,RURC2L_F,FRYING PAN - RUEDI RES. NR BASALT,0.0,0.0,90.3,0.0,0.0,0.0,2017-03-18T10:30:55.146000
20140909,RURC2L_F,FRYING PAN - RUEDI RES. NR BASALT,0.0,0.0,90.3,0.0,0.0,0.0,2017-03-18T10:31:20.430000
20140910,RURC2L_F,FRYING PAN - RUEDI RES. NR BASALT,0.0,0.0,90.3,0.0,0.0,0.0,2017-03-18T10:31:45.667000
20140911,RURC2L_F,FRYING PAN - RUEDI RES. NR BASALT,0.0,0.0,90.3,0.0,0.0,0.0,2017-03-18T10:32:11.529000
20140912,RURC2L_F,FRYING PAN - RUEDI RES. NR BASALT,0.0,0.0,90.3,0.0,0.0,0.0,2017-03-18T10:32:38.110000
20140913,RURC2L_F,FRYING PAN - RUEDI RES. NR BASALT,0.0,0.0,90.3,0.0,0.0,0.0,2017-03-18T10:33:04.378000
20140914,RURC2L_F,FRYING PAN - RUEDI RES. NR BASALT,0.0,0.0,90.3,0.0,0.0,0.0,2017-03-18T10:33:29.678000
20140915,RURC2L_F,FRYING PAN - RUEDI RES. NR BASALT,0.0,0.0,90.3,0.0,0.0,0.0,2017-03-18T10:33:54.993000
20140916,RURC2L_F,FRYING PAN - RUEDI RES. NR BASALT,0.0,0.0,90.3,0.0,0.0,0.0,2017-03-18T10:34:19.465000
20140917,RURC2L_F,FRYING PAN - RUEDI RES. NR BASALT,0.0,0.0,90.3,0.0,0.0,0.0,2017-03-18T10:34:44.843000
20140918,RURC2L_F,FRYING PAN - RUEDI RES. NR BASALT,0.0,0.0,90.3,0.0,0.0,0.0,2017-03-18T10:35:09.611000
20140919,RURC2L_F,FRYING PAN - RUEDI RES. NR BASALT,0.0,0.0,90.3,0.0,0.0,0.0,2017-03-18T10:35:34.707000
20140920,RURC2L_F,FRYING PAN - RUEDI RES. NR BASALT,0.0,0.0,90.3,0.0,0.0,0.0,2017-03-18T10:35:59.554000
20140921,RURC2L_F,FRYING PAN - RUEDI RES. NR BASALT,0.0,0.0,90.3,0.0,0.0,0.0,2017-03-18T10:36:24.806000
20140922,RURC2L_F,FRYING PAN - RUEDI RES. NR BASALT,0.0,0.0,90.3,0.0,0.0,0.0,2017-03-18T10:36:49.606000
20140923,RURC2L_F,FRYING PAN - RUEDI RES. NR BASALT,0.0,0.0,90.3,0.0,0.0,0.0,2017-03-18T10:37:14.749000
20140924,RURC2L_F,FRYING PAN - RUEDI RES. NR BASALT,0.0,0.0,90.3,0.0,0.0,0.0,2017-03-18T10:37:40.033000
20140925,RURC2L_F,FRYING PAN - RUEDI RES. NR BASALT,0.0,0.0,90.3,0.0,0.0,0.0,2017-03-18T10:38:04.739000
20140926,RURC2L_F,FRYING PAN - RUEDI RES. NR BASALT,0.0,0.0,90.3,0.0,0.0,0.0,2017-03-18T10:38:29.367000
20140927,RURC2L_F,FRYING PAN - RUEDI RES. NR BASALT,0.0,0.0,90.3,0.0,0.0,0.0,2017-03-18T10:38:54.229000
20140928,RURC2L_F,FRYING PAN - RUEDI RES. NR BASALT,0.0,0.0,90.3,0.0,0.0,0.0,2017-03-18T10:39:19.622000
20140929,RURC2L_F,FRYING PAN - RUEDI RES. NR BASALT,0.0,0.0,90.3,0.0,0.0,0.0,2017-03-18T10:39:45.094000
20140930,RURC2L_F,FRYING PAN - RUEDI RES. NR BASALT,0.1,3.0,90.3,488.0,488.0,73.85,2017-03-18T10:40:10.440000
20141001,RURC2L_F,FRYING PAN - RUEDI RES. NR BASALT,0.1,2.0,90.3,459.0,459.0,60.46,2017-03-18T10:40:36.146000
20141002,RURC2L_F,FRYING PAN - RUEDI RES. NR BASALT,0.2,5.0,90.3,959.0,959.0,84.68,2017-03-18T10:41:02.024000
20141003,RURC2L_F,FRYING PAN - RUEDI RES. NR BASALT,0.2,5.0,90.3,911.0,911.0,67.98,2017-03-18T10:41:28.402000
20141004,RURC2L_F,FRYING PAN - RUEDI RES. NR BASALT,0.1,4.0,90.3,675.0,675.0,56.24,2017-03-18T10:41:54.155000
20141005,RURC2L_F,FRYING PAN - RUEDI RES. NR BASALT,0.1,2.0,90.3,308.0,308.0,34.04,2017-03-18T10:42:19.267000
20141006,RURC2L_F,FRYING PAN - RUEDI RES. NR BASALT,0.0,1.0,90.3,155.0,155.0,22.66,2017-03-18T10:42:43.597000
20141007,RURC2L_F,FRYING PAN - RUEDI RES. NR BASALT,0.0,0.0,90.3,18.0,-470.0,5.32,2017-03-18T10:43:08.475000
20141008,RURC2L_F,FRYING PAN - RUEDI RES. NR BASALT,0.0,0.0,90.3,3.0,-456.0,1.38,2017-03-18T10:43:33.009000
20141009,RURC2L_F,FRYING PAN - RUEDI RES. NR BASALT,0.0,0.0,90.3,1.0,-958.0,0.55,2017-03-18T10:43:57.699000
20141010,RURC2L_F,FRYING PAN - RUEDI RES. NR BASALT,0.0,0.0,90.3,94.0,-817.0,20.09,2017-03-18T10:44:23.499000
20141011,RURC2L_F,FRYING PAN - RUEDI RES. NR BASALT,0.0,1.0,90.3,220.0,-455.0,28.44,2017-03-18T10:44:49.658000
20141012,RURC2L_F,FRYING PAN - RUEDI RES. NR BASALT,0.0,1.0,90.3,98.0,-210.0,11.01,2017-03-18T10:45:15.255000
20141013,RURC2L_F,FRYING PAN - RUEDI RES. NR BASALT,0.3,8.0,90.3,1439.0,1284.0,87.34,2017-03-18T10:45:41.836000
20141014,RURC2L_F,FRYING PAN - RUEDI RES. NR BASALT,0.3,7.0,90.3,1369.0,1351.0,84.04,2017-03-18T10:46:08.182000
20141015,RURC2L_F,FRYING PAN - RUEDI RES. NR BASALT,0.2,5.0,90.3,937.0,934.0,75.41,2017-03-18T10:46:33.701000
20141016,RURC2L_F,FRYING PAN - RUEDI RES. NR BASALT,0.0,0.0,90.3,1.0,0.0,0.28,2017-03-18T10:46:59.985000
20141017,RURC2L_F,FRYING PAN - RUEDI RES. NR BASALT,0.0,0.0,90.3,0.0,-94.0,0.0,2017-03-18T10:47:24.987000
20141018,RURC2L_F,FRYING PAN - RUEDI RES. NR BASALT,0.0,0.0,90.3,0.0,-220.0,0.0,2017-03-18T10:47:49.678000
20141019,RURC2L_F,FRYING PAN - RUEDI RES. NR BASALT,0.0,0.0,90.3,0.0,-98.0,0.0,2017-03-18T10:48:13.821000
20141020,RURC2L_F,FRYING PAN - RUEDI RES. NR BASALT,0.0,0.0,90.3,0.0,-1439.0,0.0,2017-03-18T10:48:38.480000
20141021,RURC2L_F,FRYING PAN - RUEDI RES. NR BASALT,0.0,0.0,90.3,0.0,-1369.0,0.0,2017-03-18T10:49:02.935000
20141022,RURC2L_F,FRYING PAN - RUEDI RES. NR BASALT,0.0,0.0,90.3,0.0,-937.0,0.0,2017-03-18T10:49:28.501000
20141023,RURC2L_F,FRYING PAN - RUEDI RES. NR BASALT,0.0,0.0,90.3,11.0,10.0,5.6,2017-03-18T10:49:54.066000
20141024,RURC2L_F,FRYING PAN - RUEDI RES. NR BASALT,0.0,0.0,90.3,0.0,0.0,0.0,2017-03-18T10:50:19.553000
20141025,RURC2L_F,FRYING PAN - RUEDI RES. NR BASALT,0.0,0.0,90.3,0.0,0.0,0.0,2017-03-18T10:50:43.900000
20141026,RURC2L_F,FRYING PAN - RUEDI RES. NR BASALT,0.0,0.0,90.3,0.0,0.0,0.0,2017-03-18T10:51:08.465000
20141027,RURC2L_F,FRYING PAN - RUEDI RES. NR BASALT,0.0,0.0,90.3,28.0,28.0,14.95,2017-03-18T10:51:34.030000
20141028,RURC2L_F,FRYING PAN - RUEDI RES. NR BASALT,0.0,0.0,90.3,26.0,26.0,13.67,2017-03-18T10:51:59.939000
20141029,RURC2L_F,FRYING PAN - RUEDI RES. NR BASALT,0.0,0.0,90.3,0.0,0.0,0.0,2017-03-18T10:52:26.176000
20141030,RURC2L_F,FRYING PAN - RUEDI RES. NR BASALT,0.0,0.0,90.3,0.0,-11.0,0.0,2017-03-18T10:52:51.679000
20141031,RURC2L_F,FRYING PAN - RUEDI RES. NR BASALT,0.0,0.0,90.3,0.0,0.0,0.0,2017-03-18T10:53:16.322000
20141101,RURC2L_F,FRYING PAN - RUEDI RES. NR BASALT,0.0,0.0,90.3,0.0,0.0,0.0,2017-03-18T10:53:42.153000
20141102,RURC2L_F,FRYING PAN - RUEDI RES. NR BASALT,0.0,0.0,90.3,0.0,0.0,0.0,2017-03-18T10:54:11.469000
20141103,RURC2L_F,FRYING PAN - RUEDI RES. NR BASALT,0.1,3.0,90.3,553.0,525.0,65.23,2017-03-18T10:54:40.347000
20141104,RURC2L_F,FRYING PAN - RUEDI RES. NR BASALT,0.3,8.0,90.3,1458.0,1432.0,100.0,2017-03-18T10:55:08.740000
20141105,RURC2L_F,FRYING PAN - RUEDI RES. NR BASALT,0.3,7.0,90.3,1399.0,1399.0,100.0,2017-03-18T10:55:36.619000
20141106,RURC2L_F,FRYING PAN - RUEDI RES. NR BASALT,0.3,6.0,90.3,1232.0,1232.0,90.18,2017-03-18T10:56:04.200000
20141107,RURC2L_F,FRYING PAN - RUEDI RES. NR BASALT,0.2,5.0,90.3,905.0,905.0,71.65,2017-03-18T10:56:30.859000
20141108,RURC2L_F,FRYING PAN - RUEDI RES. NR BASALT,0.1,3.0,90.3,658.0,658.0,63.76,2017-03-18T10:56:57.330000
20141109,RURC2L_F,FRYING PAN - RUEDI RES. NR BASALT,0.1,2.0,90.3,468.0,468.0,57.8,2017-03-18T10:57:23.115000
20141110,RURC2L_F,FRYING PAN - RUEDI RES. NR BASALT,0.0,1.0,90.3,234.0,-319.0,39.17,2017-03-18T10:57:51.399000
20141111,RURC2L_F,FRYING PAN - RUEDI RES. NR BASALT,0.2,6.0,90.3,1109.0,-349.0,100.0,2017-03-18T10:58:20.152000
20141112,RURC2L_F,FRYING PAN - RUEDI RES. NR BASALT,0.2,5.0,90.3,868.0,-531.0,99.27,2017-03-18T10:58:50.483000
20141113,RURC2L_F,FRYING PAN - RUEDI RES. NR BASALT,0.2,5.0,90.3,928.0,-304.0,99.63,2017-03-18T10:59:19.612000
20141114,RURC2L_F,FRYING PAN - RUEDI RES. NR BASALT,0.5,13.0,90.3,2520.0,1615.0,100.0,2017-03-18T10:59:50.896000
20141115,RURC2L_F,FRYING PAN - RUEDI RES. NR BASALT,0.6,16.0,90.3,3105.0,2447.0,100.0,2017-03-18T11:00:22.978000
20141116,RURC2L_F,FRYING PAN - RUEDI RES. NR BASALT,1.3,32.0,90.3,6156.0,5688.0,100.0,2017-03-18T11:00:55.200000
20141117,RURC2L_F,FRYING PAN - RUEDI RES. NR BASALT,1.3,34.0,90.3,6468.0,6234.0,100.0,2017-03-18T11:01:29.751000
20141118,RURC2L_F,FRYING PAN - RUEDI RES. NR BASALT,2.1,53.0,90.3,9987.0,8878.0,100.0,2017-03-18T11:02:05.223000
20141119,RURC2L_F,FRYING PAN - RUEDI RES. NR BASALT,2.0,52.0,90.3,9811.0,8943.0,100.0,2017-03-18T11:02:40.336000
20141120,RURC2L_F,FRYING PAN - RUEDI RES. NR BASALT,2.0,50.0,90.3,9520.0,8592.0,100.0,2017-03-18T11:03:14.449000
20141121,RURC2L_F,FRYING PAN - RUEDI RES. NR BASALT,2.0,50.0,90.3,9421.0,6901.0,100.0,2017-03-18T11:03:47.656000
20141122,RURC2L_F,FRYING PAN - RUEDI RES. NR BASALT,1.9,49.0,90.3,9337.0,6232.0,100.0,2017-03-18T11:04:21.582000
20141123,RURC2L_F,FRYING PAN - RUEDI RES. NR BASALT,2.1,52.0,90.3,9880.0,3724.0,100.0,2017-03-18T11:04:57.398000
20141124,RURC2L_F,FRYING PAN - RUEDI RES. NR BASALT,2.6,67.0,90.3,12694.0,6226.0,100.0,2017-03-18T11:05:30.480000
20141125,RURC2L_F,FRYING PAN - RUEDI RES. NR BASALT,3.1,78.0,90.3,14741.0,4754.0,100.0,2017-03-18T11:06:02.702000
20141126,RURC2L_F,FRYING PAN - RUEDI RES. NR BASALT,3.1,80.0,90.3,15098.0,5287.0,100.0,2017-03-18T11:06:34.940000
20141127,RURC2L_F,FRYING PAN - RUEDI RES. NR BASALT,3.1,79.0,90.3,14992.0,5472.0,100.0,2017-03-18T11:07:08.490000
20141128,RURC2L_F,FRYING PAN - RUEDI RES. NR BASALT,3.0,77.0,90.3,14678.0,5257.0,100.0,2017-03-18T11:07:41.759000
20141129,RURC2L_F,FRYING PAN - RUEDI RES. NR BASALT,2.9,75.0,90.3,14137.0,4800.0,100.0,2017-03-18T11:08:14.888000
20141130,RURC2L_F,FRYING PAN - RUEDI RES. NR BASALT,2.8,71.0,90.3,13473.0,3593.0,100.0,2017-03-18T11:08:47.798000
20141201,RURC2L_F,FRYING PAN - RUEDI RES. NR BASALT,2.7,68.0,90.3,12948.0,254.0,100.0,2017-03-18T11:09:19.676000
20141202,RURC2L_F,FRYING PAN - RUEDI RES. NR BASALT,2.7,68.0,90.3,12798.0,-1943.0,100.0,2017-03-18T11:09:52.789000
20141203,RURC2L_F,FRYING PAN - RUEDI RES. NR BASALT,2.6,66.0,90.3,12549.0,-2549.0,100.0,2017-03-18T11:10:26.980000
20141204,RURC2L_F,FRYING PAN - RUEDI RES. NR BASALT,2.5,65.0,90.3,12269.0,-2723.0,100.0,2017-03-18T11:10:59.874000
20141205,RURC2L_F,FRYING PAN - RUEDI RES. NR BASALT,3.5,90.0,90.3,17026.0,2348.0,100.0,2017-03-18T11:11:33.003000
20141206,RURC2L_F,FRYING PAN - RUEDI RES. NR BASALT,3.5,90.0,90.3,17080.0,2943.0,100.0,2017-03-18T11:12:05.881000
20141207,RURC2L_F,FRYING PAN - RUEDI RES. NR BASALT,3.5,89.0,90.3,16965.0,3492.0,100.0,2017-03-18T11:12:38.869000
20141208,RURC2L_F,FRYING PAN - RUEDI RES. NR BASALT,3.5,89.0,90.3,16842.0,3894.0,100.0,2017-03-18T11:13:11.826000
20141209,RURC2L_F,FRYING PAN - RUEDI RES. NR BASALT,3.5,88.0,90.3,16728.0,3930.0,100.0,2017-03-18T11:13:42.486000
20141210,RURC2L_F,FRYING PAN - RUEDI RES. NR BASALT,3.4,87.0,90.3,16559.0,4010.0,100.0,2017-03-18T11:14:14.490000
20141211,RURC2L_F,FRYING PAN - RUEDI RES. NR BASALT,3.4,87.0,90.3,16480.0,4211.0,100.0,2017-03-18T11:14:46.008000
20141212,RURC2L_F,FRYING PAN - RUEDI RES. NR BASALT,3.6,92.0,90.3,17485.0,459.0,100.0,2017-03-18T11:15:18.715000
20141213,RURC2L_F,FRYING PAN - RUEDI RES. NR BASALT,3.6,91.0,90.3,17307.0,227.0,100.0,2017-03-18T11:15:51.859000
20141214,RURC2L_F,FRYING PAN - RUEDI RES. NR BASALT,3.6,92.0,90.3,17366.0,401.0,100.0,2017-03-18T11:16:25.723000
20141215,RURC2L_F,FRYING PAN - RUEDI RES. NR BASALT,4.4,112.0,90.3,21165.0,4323.0,100.0,2017-03-18T11:16:59.851000
20141216,RURC2L_F,FRYING PAN - RUEDI RES. NR BASALT,4.4,112.0,90.3,21159.0,4431.0,100.0,2017-03-18T11:17:33.870000
20141217,RURC2L_F,FRYING PAN - RUEDI RES. NR BASALT,4.3,109.0,90.3,20605.0,4046.0,100.0,2017-03-18T11:18:09.405000
20141218,RURC2L_F,FRYING PAN - RUEDI RES. NR BASALT,4.4,111.0,90.3,20952.0,4472.0,100.0,2017-03-18T11:18:46.425000
20141219,RURC2L_F,FRYING PAN - RUEDI RES. NR BASALT,4.4,113.0,90.3,21340.0,3855.0,100.0,2017-03-18T11:19:22.960000
20141220,RURC2L_F,FRYING PAN - RUEDI RES. NR BASALT,4.4,113.0,90.3,21335.0,4028.0,100.0,2017-03-18T11:20:00.746000
20141221,RURC2L_F,FRYING PAN - RUEDI RES. NR BASALT,4.5,114.0,90.3,21588.0,4222.0,100.0,2017-03-18T11:20:39.422000
20141222,RURC2L_F,FRYING PAN - RUEDI RES. NR BASALT,5.4,137.0,90.3,25975.0,4810.0,100.0,2017-03-18T11:21:17.348000
20141223,RURC2L_F,FRYING PAN - RUEDI RES. NR BASALT,6.2,159.0,90.3,30059.0,8900.0,100.0,2017-03-18T11:21:52.992000
20141224,RURC2L_F,FRYING PAN - RUEDI RES. NR BASALT,6.1,154.0,90.3,29160.0,8555.0,100.0,2017-03-18T11:22:28.199000
20141225,RURC2L_F,FRYING PAN - RUEDI RES. NR BASALT,6.0,153.0,90.3,28993.0,8041.0,100.0,2017-03-18T11:23:05.922000
20141226,RURC2L_F,FRYING PAN - RUEDI RES. NR BASALT,6.1,156.0,90.3,29520.0,8180.0,100.0,2017-03-18T11:23:41.801000
20141227,RURC2L_F,FRYING PAN - RUEDI RES. NR BASALT,6.5,164.0,90.3,31058.0,9723.0,100.0,2017-03-18T11:24:16.351000
20141228,RURC2L_F,FRYING PAN - RUEDI RES. NR BASALT,6.5,164.0,90.3,31132.0,9544.0,100.0,2017-03-18T11:24:52.214000
20141229,RURC2L_F,FRYING PAN - RUEDI RES. NR BASALT,6.6,167.0,90.3,31687.0,5712.0,100.0,2017-03-18T11:25:27.734000
20141230,RURC2L_F,FRYING PAN - RUEDI RES. NR BASALT,6.9,176.0,90.3,33343.0,3284.0,100.0,2017-03-18T11:26:02.628000
20141231,RURC2L_F,FRYING PAN - RUEDI RES. NR BASALT,7.0,178.0,90.3,33736.0,4576.0,100.0,2017-03-18T11:26:38.132000
20150101,RURC2L_F,FRYING PAN - RUEDI RES. NR BASALT,7.0,178.0,90.3,33688.0,4695.0,100.0,2017-03-18T11:27:13.152000
20150102,RURC2L_F,FRYING PAN - RUEDI RES. NR BASALT,7.2,183.0,90.3,34706.0,5186.0,100.0,2017-03-18T11:27:49.265000
20150103,RURC2L_F,FRYING PAN - RUEDI RES. NR BASALT,6.8,172.0,90.3,32662.0,1604.0,100.0,2017-03-18T11:28:27.003000
20150104,RURC2L_F,FRYING PAN - RUEDI RES. NR BASALT,6.8,173.0,90.3,32828.0,1696.0,100.0,2017-03-18T11:29:06.945000
20150105,RURC2L_F,FRYING PAN - RUEDI RES. NR BASALT,6.8,173.0,90.3,32795.0,1108.0,100.0,2017-03-18T11:29:46.418000
20150106,RURC2L_F,FRYING PAN - RUEDI RES. NR BASALT,6.7,171.0,90.3,32441.0,-902.0,100.0,2017-03-18T11:30:25.516000
20150107,RURC2L_F,FRYING PAN - RUEDI RES. NR BASALT,6.7,171.0,90.3,32360.0,-1376.0,100.0,2017-03-18T11:31:02.426000
20150108,RURC2L_F,FRYING PAN - RUEDI RES. NR BASALT,6.7,170.0,90.3,32264.0,-1424.0,100.0,2017-03-18T11:31:38.852000
20150109,RURC2L_F,FRYING PAN - RUEDI RES. NR BASALT,7.1,180.0,90.3,34150.0,-556.0,100.0,2017-03-18T11:32:16.497000
20150110,RURC2L_F,FRYING PAN - RUEDI RES. NR BASALT,7.1,180.0,90.3,34060.0,1398.0,100.0,2017-03-18T11:32:53.063000
20150111,RURC2L_F,FRYING PAN - RUEDI RES. NR BASALT,7.1,179.0,90.3,33981.0,1153.0,100.0,2017-03-18T11:33:30.520000
20150112,RURC2L_F,FRYING PAN - RUEDI RES. NR BASALT,7.4,187.0,90.3,35524.0,2729.0,100.0,2017-03-18T11:34:09.415000
20150113,RURC2L_F,FRYING PAN - RUEDI RES. NR BASALT,7.4,188.0,90.3,35603.0,3162.0,100.0,2017-03-18T11:34:49.185000
20150114,RURC2L_F,FRYING PAN - RUEDI RES. NR BASALT,7.8,197.0,90.3,37434.0,5074.0,100.0,2017-03-18T11:35:27.939000
20150115,RURC2L_F,FRYING PAN - RUEDI RES. NR BASALT,7.8,197.0,90.3,37413.0,5149.0,100.0,2017-03-18T11:36:06.256000
20150116,RURC2L_F,FRYING PAN - RUEDI RES. NR BASALT,7.8,197.0,90.3,37341.0,3191.0,100.0,2017-03-18T11:36:46.135000
20150117,RURC2L_F,FRYING PAN - RUEDI RES. NR BASALT,7.5,191.0,90.3,36132.0,2072.0,100.0,2017-03-18T11:37:26.202000
20150118,RURC2L_F,FRYING PAN - RUEDI RES. NR BASALT,7.5,190.0,90.3,35981.0,2000.0,100.0,2017-03-18T11:38:04.300000
20150119,RURC2L_F,FRYING PAN - RUEDI RES. NR BASALT,7.4,188.0,90.3,35676.0,152.0,100.0,2017-03-18T11:38:41.757000
20150120,RURC2L_F,FRYING PAN - RUEDI RES. NR BASALT,7.5,189.0,90.3,35887.0,284.0,100.0,2017-03-18T11:39:15.839000
20150121,RURC2L_F,FRYING PAN - RUEDI RES. NR BASALT,7.5,189.0,90.3,35887.0,-1547.0,100.0,2017-03-18T11:39:48.983000
20150122,RURC2L_F,FRYING PAN - RUEDI RES. NR BASALT,7.5,192.0,90.3,36332.0,-1081.0,100.0,2017-03-18T11:40:23.565000
20150123,RURC2L_F,FRYING PAN - RUEDI RES. NR BASALT,7.9,201.0,90.3,38106.0,765.0,100.0,2017-03-18T11:40:59.740000
20150124,RURC2L_F,FRYING PAN - RUEDI RES. NR BASALT,7.9,201.0,90.3,38023.0,1891.0,100.0,2017-03-18T11:41:37.135000
20150125,RURC2L_F,FRYING PAN - RUEDI RES. NR BASALT,7.9,200.0,90.3,37883.0,1902.0,100.0,2017-03-18T11:42:14.374000
20150126,RURC2L_F,FRYING PAN - RUEDI RES. NR BASALT,7.8,199.0,90.3,37763.0,2087.0,100.0,2017-03-18T11:42:49.659000
20150127,RURC2L_F,FRYING PAN - RUEDI RES. NR BASALT,7.9,201.0,90.3,38187.0,2300.0,100.0,2017-03-18T11:43:25.491000
20150128,RURC2L_F,FRYING PAN - RUEDI RES. NR BASALT,7.9,200.0,90.3,37986.0,2099.0,100.0,2017-03-18T11:43:59.682000
20150129,RURC2L_F,FRYING PAN - RUEDI RES. NR BASALT,7.9,200.0,90.3,37834.0,1502.0,100.0,2017-03-18T11:44:33.154000
20150130,RURC2L_F,FRYING PAN - RUEDI RES. NR BASALT,7.8,199.0,90.3,37779.0,-327.0,100.0,2017-03-18T11:45:06.986000
20150131,RURC2L_F,FRYING PAN - RUEDI RES. NR BASALT,8.0,204.0,90.3,38707.0,684.0,100.0,2017-03-18T11:45:42.318000
20150201,RURC2L_F,FRYING PAN - RUEDI RES. NR BASALT,8.2,208.0,90.3,39446.0,1563.0,100.0,2017-03-18T11:46:19.197000
20150202,RURC2L_F,FRYING PAN - RUEDI RES. NR BASALT,8.2,207.0,90.3,39324.0,1561.0,100.0,2017-03-18T11:46:56.435000
20150203,RURC2L_F,FRYING PAN - RUEDI RES. NR BASALT,8.3,212.0,90.3,40191.0,2004.0,100.0,2017-03-18T11:47:34.596000
20150204,RURC2L_F,FRYING PAN - RUEDI RES. NR BASALT,8.4,212.0,90.3,40267.0,2281.0,100.0,2017-03-18T11:48:11.459000
20150205,RURC2L_F,FRYING PAN - RUEDI RES. NR BASALT,8.7,222.0,90.3,42041.0,4207.0,100.0,2017-03-18T11:48:47.604000
20150206,RURC2L_F,FRYING PAN - RUEDI RES. NR BASALT,8.6,219.0,90.3,41576.0,3797.0,100.0,2017-03-18T11:49:24.811000
20150207,RURC2L_F,FRYING PAN - RUEDI RES. NR BASALT,8.5,216.0,90.3,40886.0,2179.0,100.0,2017-03-18T11:50:01.424000
20150208,RURC2L_F,FRYING PAN - RUEDI RES. NR BASALT,8.4,212.0,90.3,40213.0,767.0,100.0,2017-03-18T11:50:37.084000
20150209,RURC2L_F,FRYING PAN - RUEDI RES. NR BASALT,8.2,209.0,90.3,39708.0,384.0,100.0,2017-03-18T11:51:10.525000
20150210,RURC2L_F,FRYING PAN - RUEDI RES. NR BASALT,8.1,205.0,90.3,38904.0,-1287.0,100.0,2017-03-18T11:51:45.373000
20150211,RURC2L_F,FRYING PAN - RUEDI RES. NR BASALT,8.0,204.0,90.3,38690.0,-1577.0,100.0,2017-03-18T11:52:18.704000
20150212,RURC2L_F,FRYING PAN - RUEDI RES. NR BASALT,8.2,208.0,90.3,39341.0,-2700.0,100.0,2017-03-18T11:52:51.348000
20150213,RURC2L_F,FRYING PAN - RUEDI RES. NR BASALT,9.2,233.0,90.3,44122.0,2546.0,100.0,2017-03-18T11:53:25.602000
20150214,RURC2L_F,FRYING PAN - RUEDI RES. NR BASALT,9.1,232.0,90.3,43936.0,3050.0,100.0,2017-03-18T11:53:58.856000
20150215,RURC2L_F,FRYING PAN - RUEDI RES. NR BASALT,9.0,229.0,90.3,43416.0,3203.0,100.0,2017-03-18T11:54:32.594000
20150216,RURC2L_F,FRYING PAN - RUEDI RES. NR BASALT,9.1,230.0,90.3,43582.0,3874.0,100.0,2017-03-18T11:55:06.785000
20150217,RURC2L_F,FRYING PAN - RUEDI RES. NR BASALT,9.3,236.0,90.3,44754.0,5850.0,100.0,2017-03-18T11:55:43.680000
20150218,RURC2L_F,FRYING PAN - RUEDI RES. NR BASALT,9.8,249.0,90.3,47217.0,8527.0,100.0,2017-03-18T11:56:23.246000
20150219,RURC2L_F,FRYING PAN - RUEDI RES. NR BASALT,9.7,248.0,90.3,46930.0,7589.0,100.0,2017-03-18T11:57:00.485000
20150220,RURC2L_F,FRYING PAN - RUEDI RES. NR BASALT,9.7,246.0,90.3,46597.0,2475.0,100.0,2017-03-18T11:57:36.926000
20150221,RURC2L_F,FRYING PAN - RUEDI RES. NR BASALT,9.7,247.0,90.3,46804.0,2868.0,100.0,2017-03-18T11:58:13.993000
20150222,RURC2L_F,FRYING PAN - RUEDI RES. NR BASALT,10.0,253.0,90.3,47987.0,4571.0,100.0,2017-03-18T11:58:52.075000
20150223,RURC2L_F,FRYING PAN - RUEDI RES. NR BASALT,10.5,267.0,90.3,50659.0,7077.0,100.0,2017-03-18T11:59:31.454000
20150224,RURC2L_F,FRYING PAN - RUEDI RES. NR BASALT,10.8,275.0,90.3,52074.0,7320.0,100.0,2017-03-18T12:00:11.240000
20150225,RURC2L_F,FRYING PAN - RUEDI RES. NR BASALT,10.8,274.0,90.3,52029.0,4812.0,100.0,2017-03-18T12:00:51.619000
20150226,RURC2L_F,FRYING PAN - RUEDI RES. NR BASALT,11.4,289.0,90.3,54817.0,7887.0,100.0,2017-03-18T12:01:32.967000
20150227,RURC2L_F,FRYING PAN - RUEDI RES. NR BASALT,11.6,294.0,90.3,55759.0,9162.0,100.0,2017-03-18T12:02:12.784000
20150228,RURC2L_F,FRYING PAN - RUEDI RES. NR BASALT,11.2,285.0,90.3,53968.0,7164.0,100.0,2017-03-18T12:02:54.429000
20150301,RURC2L_F,FRYING PAN - RUEDI RES. NR BASALT,11.4,289.0,90.3,54755.0,6768.0,100.0,2017-03-18T12:03:36.449000
20150302,RURC2L_F,FRYING PAN - RUEDI RES. NR BASALT,11.6,296.0,90.3,56042.0,5383.0,100.0,2017-03-18T12:04:19.001000
20150303,RURC2L_F,FRYING PAN - RUEDI RES. NR BASALT,12.1,309.0,90.3,58492.0,6418.0,100.0,2017-03-18T12:05:02.021000
20150304,RURC2L_F,FRYING PAN - RUEDI RES. NR BASALT,12.4,315.0,90.3,59691.0,7662.0,100.0,2017-03-18T12:05:43.354000
20150305,RURC2L_F,FRYING PAN - RUEDI RES. NR BASALT,12.6,320.0,90.3,60588.0,5771.0,100.0,2017-03-18T12:06:24.124000
20150306,RURC2L_F,FRYING PAN - RUEDI RES. NR BASALT,12.6,319.0,90.3,60449.0,4690.0,100.0,2017-03-18T12:07:06.097000
20150307,RURC2L_F,FRYING PAN - RUEDI RES. NR BASALT,12.5,318.0,90.3,60331.0,6363.0,100.0,2017-03-18T12:07:45.945000
20150308,RURC2L_F,FRYING PAN - RUEDI RES. NR BASALT,12.5,318.0,90.3,60233.0,5478.0,100.0,2017-03-18T12:08:23.230000
20150309,RURC2L_F,FRYING PAN - RUEDI RES. NR BASALT,12.5,318.0,90.3,60201.0,4159.0,100.0,2017-03-18T12:08:58.500000
20150310,RURC2L_F,FRYING PAN - RUEDI RES. NR BASALT,12.5,317.0,90.3,60089.0,1597.0,100.0,2017-03-18T12:09:32.426000
20150311,RURC2L_F,FRYING PAN - RUEDI RES. NR BASALT,12.4,316.0,90.3,59930.0,239.0,100.0,2017-03-18T12:10:04.898000
20150312,RURC2L_F,FRYING PAN - RUEDI RES. NR BASALT,12.4,314.0,90.3,59595.0,-993.0,100.0,2017-03-18T12:10:36.870000
20150313,RURC2L_F,FRYING PAN - RUEDI RES. NR BASALT,12.7,322.0,90.3,61081.0,632.0,100.0,2017-03-18T12:11:08.358000
20150314,RURC2L_F,FRYING PAN - RUEDI RES. NR BASALT,13.0,330.0,90.3,62507.0,2176.0,100.0,2017-03-18T12:11:39.846000
20150315,RURC2L_F,FRYING PAN - RUEDI RES. NR BASALT,12.9,328.0,90.3,62087.0,1854.0,100.0,2017-03-18T12:12:10.568000
20150316,RURC2L_F,FRYING PAN - RUEDI RES. NR BASALT,12.7,324.0,90.3,61358.0,1157.0,100.0,2017-03-18T12:12:40.477000
20150317,RURC2L_F,FRYING PAN - RUEDI RES. NR BASALT,11.9,303.0,90.3,57486.0,-2603.0,100.0,2017-03-18T12:13:11.543000
20150318,RURC2L_F,FRYING PAN - RUEDI RES. NR BASALT,11.6,294.0,90.3,55793.0,-4137.0,100.0,2017-03-18T12:13:43
20150319,RURC2L_F,FRYING PAN - RUEDI RES. NR BASALT,11.5,291.0,90.3,55231.0,-4364.0,100.0,2017-03-18T12:14:14.066000
20150320,RURC2L_F,FRYING PAN - RUEDI RES. NR BASALT,11.4,290.0,90.3,55037.0,-6044.0,100.0,2017-03-18T12:14:45.725000
20150321,RURC2L_F,FRYING PAN - RUEDI RES. NR BASALT,11.3,287.0,90.3,54386.0,-8121.0,100.0,2017-03-18T12:15:16.135000
20150322,RURC2L_F,FRYING PAN - RUEDI RES. NR BASALT,11.1,283.0,90.3,53564.0,-8523.0,100.0,2017-03-18T12:15:45.888000
20150323,RURC2L_F,FRYING PAN - RUEDI RES. NR BASALT,10.9,277.0,90.3,52477.0,-8881.0,99.82,2017-03-18T12:16:15.922000
20150324,RURC2L_F,FRYING PAN - RUEDI RES. NR BASALT,10.8,275.0,90.3,52081.0,-5405.0,100.0,2017-03-18T12:16:48.301000
20150325,RURC2L_F,FRYING PAN - RUEDI RES. NR BASALT,10.9,276.0,90.3,52391.0,-3402.0,99.82,2017-03-18T12:17:22.023000
20150326,RURC2L_F,FRYING PAN - RUEDI RES. NR BASALT,12.5,316.0,90.3,59944.0,4713.0,100.0,2017-03-18T12:17:55.777000
20150327,RURC2L_F,FRYING PAN - RUEDI RES. NR BASALT,12.4,314.0,90.3,59561.0,4524.0,100.0,2017-03-18T12:18:27.859000
20150328,RURC2L_F,FRYING PAN - RUEDI RES. NR BASALT,12.1,307.0,90.3,58209.0,3823.0,100.0,2017-03-18T12:18:59.518000
20150329,RURC2L_F,FRYING PAN - RUEDI RES. NR BASALT,11.6,295.0,90.3,55825.0,2261.0,98.72,2017-03-18T12:19:30.225000
20150330,RURC2L_F,FRYING PAN - RUEDI RES. NR BASALT,11.2,284.0,90.3,53748.0,1271.0,98.62,2017-03-18T12:19:59.619000
20150331,RURC2L_F,FRYING PAN - RUEDI RES. NR BASALT,10.8,274.0,90.3,51867.0,-214.0,98.62,2017-03-18T12:20:29.028000
20150401,RURC2L_F,FRYING PAN - RUEDI RES. NR BASALT,10.3,262.0,90.3,49730.0,-2661.0,98.62,2017-03-18T12:20:58.969000
20150402,RURC2L_F,FRYING PAN - RUEDI RES. NR BASALT,9.9,252.0,90.3,47847.0,-12097.0,98.17,2017-03-18T12:21:29.081000
20150403,RURC2L_F,FRYING PAN - RUEDI RES. NR BASALT,9.7,246.0,90.3,46606.0,-12955.0,97.8,2017-03-18T12:21:59.522000
20150404,RURC2L_F,FRYING PAN - RUEDI RES. NR BASALT,9.6,244.0,90.3,46189.0,-12020.0,97.8,2017-03-18T12:22:29.510000
20150405,RURC2L_F,FRYING PAN - RUEDI RES. NR BASALT,9.4,239.0,90.3,45302.0,-10523.0,96.7,2017-03-18T12:22:58.841000
20150406,RURC2L_F,FRYING PAN - RUEDI RES. NR BASALT,9.1,230.0,90.3,43669.0,-10079.0,93.85,2017-03-18T12:23:30.063000
20150407,RURC2L_F,FRYING PAN - RUEDI RES. NR BASALT,10.9,277.0,90.3,52551.0,684.0,96.7,2017-03-18T12:24:01.395000
20150408,RURC2L_F,FRYING PAN - RUEDI RES. NR BASALT,10.5,266.0,90.3,50477.0,747.0,92.94,2017-03-18T12:24:33.305000
20150409,RURC2L_F,FRYING PAN - RUEDI RES. NR BASALT,10.2,259.0,90.3,49073.0,1226.0,91.83,2017-03-18T12:25:05.902000
20150410,RURC2L_F,FRYING PAN - RUEDI RES. NR BASALT,10.1,257.0,90.3,48716.0,2110.0,91.83,2017-03-18T12:25:38.749000
20150411,RURC2L_F,FRYING PAN - RUEDI RES. NR BASALT,10.0,253.0,90.3,47937.0,1748.0,90.73,2017-03-18T12:26:09.643000
20150412,RURC2L_F,FRYING PAN - RUEDI RES. NR BASALT,9.7,247.0,90.3,46771.0,1469.0,90.18,2017-03-18T12:26:37.818000
20150413,RURC2L_F,FRYING PAN - RUEDI RES. NR BASALT,9.5,241.0,90.3,45630.0,1961.0,90.09,2017-03-18T12:27:05.977000
20150414,RURC2L_F,FRYING PAN - RUEDI RES. NR BASALT,9.3,236.0,90.3,44650.0,-7901.0,89.45,2017-03-18T12:27:34.574000
20150415,RURC2L_F,FRYING PAN - RUEDI RES. NR BASALT,8.9,226.0,90.3,42875.0,-7602.0,88.44,2017-03-18T12:28:04.328000
20150416,RURC2L_F,FRYING PAN - RUEDI RES. NR BASALT,8.8,223.0,90.3,42186.0,-6887.0,87.61,2017-03-18T12:28:34.315000
20150417,RURC2L_F,FRYING PAN - RUEDI RES. NR BASALT,9.1,232.0,90.3,43895.0,-4821.0,99.54,2017-03-18T12:29:04.162000
20150418,RURC2L_F,FRYING PAN - RUEDI RES. NR BASALT,9.7,246.0,90.3,46579.0,-1358.0,100.0,2017-03-18T12:29:32.884000
20150419,RURC2L_F,FRYING PAN - RUEDI RES. NR BASALT,10.1,256.0,90.3,48519.0,1748.0,100.0,2017-03-18T12:30:01.169000
20150420,RURC2L_F,FRYING PAN - RUEDI RES. NR BASALT,10.1,257.0,90.3,48720.0,3090.0,100.0,2017-03-18T12:30:29.297000
20150421,RURC2L_F,FRYING PAN - RUEDI RES. NR BASALT,10.9,276.0,90.3,52247.0,7597.0,99.91,2017-03-18T12:30:57.473000
20150422,RURC2L_F,FRYING PAN - RUEDI RES. NR BASALT,10.6,269.0,90.3,51021.0,8146.0,97.71,2017-03-18T12:31:24.726000
20150423,RURC2L_F,FRYING PAN - RUEDI RES. NR BASALT,10.4,265.0,90.3,50312.0,8126.0,92.2,2017-03-18T12:31:53.213000
20150424,RURC2L_F,FRYING PAN - RUEDI RES. NR BASALT,10.2,259.0,90.3,49174.0,5279.0,88.99,2017-03-18T12:32:20.904000
20150425,RURC2L_F,FRYING PAN - RUEDI RES. NR BASALT,10.1,256.0,90.3,48610.0,2031.0,87.52,2017-03-18T12:32:50.001000
20150426,RURC2L_F,FRYING PAN - RUEDI RES. NR BASALT,10.1,255.0,90.3,48429.0,-90.0,86.88,2017-03-18T12:33:21.426000
20150427,RURC2L_F,FRYING PAN - RUEDI RES. NR BASALT,10.2,258.0,90.3,48998.0,278.0,86.88,2017-03-18T12:33:51.226000
20150428,RURC2L_F,FRYING PAN - RUEDI RES. NR BASALT,10.2,258.0,90.3,48970.0,-3277.0,86.06,2017-03-18T12:34:19.479000
20150429,RURC2L_F,FRYING PAN - RUEDI RES. NR BASALT,10.1,256.0,90.3,48443.0,-2578.0,84.4,2017-03-18T12:34:46.248000
20150430,RURC2L_F,FRYING PAN - RUEDI RES. NR BASALT,9.7,247.0,90.3,46856.0,-3456.0,82.48,2017-03-18T12:35:11.829000
20150501,RURC2L_F,FRYING PAN - RUEDI RES. NR BASALT,9.7,246.0,90.3,46672.0,-2502.0,81.1,2017-03-18T12:35:38.488000
20150502,RURC2L_F,FRYING PAN - RUEDI RES. NR BASALT,9.4,240.0,90.3,45422.0,-3188.0,79.45,2017-03-18T12:36:04.428000
20150503,RURC2L_F,FRYING PAN - RUEDI RES. NR BASALT,9.1,232.0,90.3,43977.0,-4452.0,76.33,2017-03-18T12:36:30.087000
20150504,RURC2L_F,FRYING PAN - RUEDI RES. NR BASALT,8.9,226.0,90.3,42871.0,-6127.0,75.23,2017-03-18T12:36:55.637000
20150505,RURC2L_F,FRYING PAN - RUEDI RES. NR BASALT,8.8,224.0,90.3,42417.0,-6553.0,74.86,2017-03-18T12:37:22.702000
20150506,RURC2L_F,FRYING PAN - RUEDI RES. NR BASALT,8.9,227.0,90.3,42940.0,-5503.0,75.6,2017-03-18T12:37:49.580000
20150507,RURC2L_F,FRYING PAN - RUEDI RES. NR BASALT,9.1,231.0,90.3,43747.0,-3109.0,76.42,2017-03-18T12:38:18.583000
20150508,RURC2L_F,FRYING PAN - RUEDI RES. NR BASALT,9.0,228.0,90.3,43131.0,-3541.0,74.31,2017-03-18T12:38:48.743000
20150509,RURC2L_F,FRYING PAN - RUEDI RES. NR BASALT,9.1,230.0,90.3,43592.0,-1830.0,73.94,2017-03-18T12:39:19.777000
20150510,RURC2L_F,FRYING PAN - RUEDI RES. NR BASALT,9.8,250.0,90.3,47325.0,3348.0,100.0,2017-03-18T12:39:50.421000
20150511,RURC2L_F,FRYING PAN - RUEDI RES. NR BASALT,10.4,264.0,90.3,50077.0,7206.0,100.0,2017-03-18T12:40:19.643000
20150512,RURC2L_F,FRYING PAN - RUEDI RES. NR BASALT,10.7,272.0,90.3,51502.0,9085.0,99.17,2017-03-18T12:40:48.568000
20150513,RURC2L_F,FRYING PAN - RUEDI RES. NR BASALT,10.3,263.0,90.3,49762.0,6822.0,80.37,2017-03-18T12:41:16.040000
20150514,RURC2L_F,FRYING PAN - RUEDI RES. NR BASALT,10.1,257.0,90.3,48662.0,4915.0,75.14,2017-03-18T12:41:43.152000
20150515,RURC2L_F,FRYING PAN - RUEDI RES. NR BASALT,9.9,251.0,90.3,47501.0,4370.0,73.49,2017-03-18T12:42:10.436000
20150516,RURC2L_F,FRYING PAN - RUEDI RES. NR BASALT,9.8,248.0,90.3,47092.0,3500.0,73.49,2017-03-18T12:42:39.158000
20150517,RURC2L_F,FRYING PAN - RUEDI RES. NR BASALT,9.8,249.0,90.3,47123.0,-202.0,73.49,2017-03-18T12:43:07.865000
20150518,RURC2L_F,FRYING PAN - RUEDI RES. NR BASALT,9.9,251.0,90.3,47540.0,-2537.0,73.49,2017-03-18T12:43:36.258000
20150519,RURC2L_F,FRYING PAN - RUEDI RES. NR BASALT,9.8,249.0,90.3,47163.0,-4339.0,72.57,2017-03-18T12:44:04.199000
20150520,RURC2L_F,FRYING PAN - RUEDI RES. NR BASALT,10.6,270.0,90.3,51091.0,1329.0,80.18,2017-03-18T12:44:32.561000
20150521,RURC2L_F,FRYING PAN - RUEDI RES. NR BASALT,10.5,265.0,90.3,50317.0,1655.0,74.04,2017-03-18T12:45:00.002000
20150522,RURC2L_F,FRYING PAN - RUEDI RES. NR BASALT,10.4,265.0,90.3,50236.0,2735.0,72.84,2017-03-18T12:45:27.661000
20150523,RURC2L_F,FRYING PAN - RUEDI RES. NR BASALT,10.4,263.0,90.3,49878.0,2786.0,71.47,2017-03-18T12:45:54.086000
20150524,RURC2L_F,FRYING PAN - RUEDI RES. NR BASALT,10.3,261.0,90.3,49444.0,2321.0,71.28,2017-03-18T12:46:20.948000
20150525,RURC2L_F,FRYING PAN - RUEDI RES. NR BASALT,10.4,263.0,90.3,49832.0,2292.0,90.55,2017-03-18T12:46:47.982000
20150526,RURC2L_F,FRYING PAN - RUEDI RES. NR BASALT,10.4,264.0,90.3,50002.0,2839.0,70.92,2017-03-18T12:47:14.876000
20150527,RURC2L_F,FRYING PAN - RUEDI RES. NR BASALT,10.2,260.0,90.3,49341.0,-1750.0,69.45,2017-03-18T12:47:41.691000
20150528,RURC2L_F,FRYING PAN - RUEDI RES. NR BASALT,10.0,253.0,90.3,48042.0,-2275.0,66.97,2017-03-18T12:48:08.225000
20150529,RURC2L_F,FRYING PAN - RUEDI RES. NR BASALT,9.7,247.0,90.3,46860.0,-3376.0,66.33,2017-03-18T12:48:34.322000
20150530,RURC2L_F,FRYING PAN - RUEDI RES. NR BASALT,9.6,243.0,90.3,45994.0,-3884.0,65.6,2017-03-18T12:49:00.637000
20150531,RURC2L_F,FRYING PAN - RUEDI RES. NR BASALT,9.2,234.0,90.3,44404.0,-5040.0,64.04,2017-03-18T12:49:26.812000
20150601,RURC2L_F,FRYING PAN - RUEDI RES. NR BASALT,8.6,218.0,90.3,41394.0,-8438.0,63.12,2017-03-18T12:49:52.518000
20150602,RURC2L_F,FRYING PAN - RUEDI RES. NR BASALT,7.9,201.0,90.3,38156.0,-11846.0,61.19,2017-03-18T12:50:18.630000
20150603,RURC2L_F,FRYING PAN - RUEDI RES. NR BASALT,7.0,177.0,90.3,33595.0,-15746.0,60.09,2017-03-18T12:50:44.680000
20150604,RURC2L_F,FRYING PAN - RUEDI RES. NR BASALT,6.3,160.0,90.3,30366.0,-17676.0,58.72,2017-03-18T12:51:10.526000
20150605,RURC2L_F,FRYING PAN - RUEDI RES. NR BASALT,5.8,147.0,90.3,27779.0,-19081.0,57.98,2017-03-18T12:51:36.263000
20150606,RURC2L_F,FRYING PAN - RUEDI RES. NR BASALT,5.2,132.0,90.3,24999.0,-20995.0,56.79,2017-03-18T12:52:02.063000
20150607,RURC2L_F,FRYING PAN - RUEDI RES. NR BASALT,4.8,121.0,90.3,22898.0,-21506.0,54.77,2017-03-18T12:52:27.691000
20150608,RURC2L_F,FRYING PAN - RUEDI RES. NR BASALT,4.4,112.0,90.3,21232.0,-20162.0,54.22,2017-03-18T12:52:53.631000
20150609,RURC2L_F,FRYING PAN - RUEDI RES. NR BASALT,4.1,105.0,90.3,19884.0,-18272.0,53.76,2017-03-18T12:53:19.775000
20150610,RURC2L_F,FRYING PAN - RUEDI RES. NR BASALT,3.7,94.0,90.3,17840.0,-15755.0,52.84,2017-03-18T12:53:45.621000
20150611,RURC2L_F,FRYING PAN - RUEDI RES. NR BASALT,3.3,85.0,90.3,16041.0,-14325.0,51.47,2017-03-18T12:54:11.093000
20150612,RURC2L_F,FRYING PAN - RUEDI RES. NR BASALT,3.1,78.0,90.3,14806.0,-12973.0,50.55,2017-03-18T12:54:36.346000
20150613,RURC2L_F,FRYING PAN - RUEDI RES. NR BASALT,2.8,72.0,90.3,13669.0,-11330.0,48.62,2017-03-18T12:55:01.786000
20150614,RURC2L_F,FRYING PAN - RUEDI RES. NR BASALT,2.6,65.0,90.3,12288.0,-10610.0,45.41,2017-03-18T12:55:29.336000
20150615,RURC2L_F,FRYING PAN - RUEDI RES. NR BASALT,2.3,58.0,90.3,10937.0,-10295.0,43.21,2017-03-18T12:55:54.557000
20150616,RURC2L_F,FRYING PAN - RUEDI RES. NR BASALT,2.0,51.0,90.3,9688.0,-10196.0,40.55,2017-03-18T12:56:21.513000
20150617,RURC2L_F,FRYING PAN - RUEDI RES. NR BASALT,1.5,39.0,90.3,7364.0,-10476.0,35.05,2017-03-18T12:56:46.641000
20150618,RURC2L_F,FRYING PAN - RUEDI RES. NR BASALT,1.3,32.0,90.3,6066.0,-9975.0,31.56,2017-03-18T12:57:12.175000
20150619,RURC2L_F,FRYING PAN - RUEDI RES. NR BASALT,1.1,27.0,90.3,5099.0,-9707.0,27.98,2017-03-18T12:57:37.349000
20150620,RURC2L_F,FRYING PAN - RUEDI RES. NR BASALT,0.8,21.0,90.3,3980.0,-9689.0,23.03,2017-03-18T12:58:02.321000
20150621,RURC2L_F,FRYING PAN - RUEDI RES. NR BASALT,0.6,16.0,90.3,3079.0,-9209.0,17.98,2017-03-18T12:58:27.464000
20150622,RURC2L_F,FRYING PAN - RUEDI RES. NR BASALT,0.5,12.0,90.3,2297.0,-8640.0,14.04,2017-03-18T12:58:52.436000
20150623,RURC2L_F,FRYING PAN - RUEDI RES. NR BASALT,0.3,9.0,90.3,1681.0,-8007.0,11.93,2017-03-18T12:59:17.157000
20150624,RURC2L_F,FRYING PAN - RUEDI RES. NR BASALT,0.3,7.0,90.3,1272.0,-6092.0,11.47,2017-03-18T12:59:41.613000
20150625,RURC2L_F,FRYING PAN - RUEDI RES. NR BASALT,0.2,5.0,90.3,928.0,-5138.0,11.28,2017-03-18T13:00:06.068000
20150626,RURC2L_F,FRYING PAN - RUEDI RES. NR BASALT,0.1,3.0,90.3,661.0,-4438.0,8.35,2017-03-18T13:00:31.024000
20150627,RURC2L_F,FRYING PAN - RUEDI RES. NR BASALT,0.1,3.0,90.3,482.0,-3498.0,6.61,2017-03-18T13:00:56.371000
20150628,RURC2L_F,FRYING PAN - RUEDI RES. NR BASALT,0.1,2.0,90.3,345.0,-2734.0,5.78,2017-03-18T13:01:21.249000
20150629,RURC2L_F,FRYING PAN - RUEDI RES. NR BASALT,0.1,1.0,90.3,243.0,-2054.0,5.41,2017-03-18T13:01:46.001000
20150630,RURC2L_F,FRYING PAN - RUEDI RES. NR BASALT,0.0,1.0,90.3,144.0,-1537.0,3.58,2017-03-18T13:02:10.832000
20150701,RURC2L_F,FRYING PAN - RUEDI RES. NR BASALT,0.0,0.0,90.3,76.0,-1196.0,2.94,2017-03-18T13:02:36.319000
20150702,RURC2L_F,FRYING PAN - RUEDI RES. NR BASALT,0.0,0.0,90.3,42.0,-886.0,1.19,2017-03-18T13:03:01.244000
20150703,RURC2L_F,FRYING PAN - RUEDI RES. NR BASALT,0.0,0.0,90.3,25.0,-636.0,1.19,2017-03-18T13:03:26.762000
20150704,RURC2L_F,FRYING PAN - RUEDI RES. NR BASALT,0.0,0.0,90.3,11.0,-471.0,0.46,2017-03-18T13:03:53.546000
20150705,RURC2L_F,FRYING PAN - RUEDI RES. NR BASALT,0.0,0.0,90.3,5.0,-340.0,0.46,2017-03-18T13:04:18.752000
20150706,RURC2L_F,FRYING PAN - RUEDI RES. NR BASALT,0.0,0.0,90.3,0.0,-243.0,0.09,2017-03-18T13:04:44.255000
20150707,RURC2L_F,FRYING PAN - RUEDI RES. NR BASALT,0.0,0.0,90.3,0.0,-144.0,0.0,2017-03-18T13:05:09.898000
20150708,RURC2L_F,FRYING PAN - RUEDI RES. NR BASALT,0.0,0.0,90.3,0.0,-76.0,0.0,2017-03-18T13:05:36.713000
20150709,RURC2L_F,FRYING PAN - RUEDI RES. NR BASALT,0.0,0.0,90.3,0.0,-42.0,0.0,2017-03-18T13:06:01.872000
20150710,RURC2L_F,FRYING PAN - RUEDI RES. NR BASALT,0.0,0.0,90.3,0.0,-25.0,0.0,2017-03-18T13:06:27.297000
20150711,RURC2L_F,FRYING PAN - RUEDI RES. NR BASALT,0.0,0.0,90.3,0.0,-11.0,0.0,2017-03-18T13:06:53.097000
20150712,RURC2L_F,FRYING PAN - RUEDI RES. NR BASALT,0.0,0.0,90.3,0.0,-5.0,0.0,2017-03-18T13:07:18.584000
20150713,RURC2L_F,FRYING PAN - RUEDI RES. NR BASALT,0.0,0.0,90.3,0.0,0.0,0.0,2017-03-18T13:07:43.571000
20150714,RURC2L_F,FRYING PAN - RUEDI RES. NR BASALT,0.0,0.0,90.3,0.0,0.0,0.0,2017-03-18T13:08:08.668000
20150715,RURC2L_F,FRYING PAN - RUEDI RES. NR BASALT,0.0,0.0,90.3,0.0,0.0,0.0,2017-03-18T13:08:33.342000
20150716,RURC2L_F,FRYING PAN - RUEDI RES. NR BASALT,0.0,0.0,90.3,0.0,0.0,0.0,2017-03-18T13:08:57.813000
20150717,RURC2L_F,FRYING PAN - RUEDI RES. NR BASALT,0.0,0.0,90.3,0.0,0.0,0.0,2017-03-18T13:09:22.457000
20150718,RURC2L_F,FRYING PAN - RUEDI RES. NR BASALT,0.0,0.0,90.3,0.0,0.0,0.0,2017-03-18T13:09:47.256000
20150719,RURC2L_F,FRYING PAN - RUEDI RES. NR BASALT,0.0,0.0,90.3,0.0,0.0,0.0,2017-03-18T13:10:12.540000
20150720,RURC2L_F,FRYING PAN - RUEDI RES. NR BASALT,0.0,0.0,90.3,0.0,0.0,0.0,2017-03-18T13:10:37.231000
20150721,RURC2L_F,FRYING PAN - RUEDI RES. NR BASALT,0.0,0.0,90.3,0.0,0.0,0.0,2017-03-18T13:11:02.952000
20150722,RURC2L_F,FRYING PAN - RUEDI RES. NR BASALT,0.0,0.0,90.3,0.0,0.0,0.0,2017-03-18T13:11:27.705000
20150723,RURC2L_F,FRYING PAN - RUEDI RES. NR BASALT,0.0,0.0,90.3,0.0,0.0,0.0,2017-03-18T13:11:52.489000
20150724,RURC2L_F,FRYING PAN - RUEDI RES. NR BASALT,0.0,0.0,90.3,0.0,0.0,0.0,2017-03-18T13:12:17.163000
20150725,RURC2L_F,FRYING PAN - RUEDI RES. NR BASALT,0.0,0.0,90.3,0.0,0.0,0.0,2017-03-18T13:12:42.932000
20150726,RURC2L_F,FRYING PAN - RUEDI RES. NR BASALT,0.0,0.0,90.3,0.0,0.0,0.0,2017-03-18T13:13:07.841000
20150727,RURC2L_F,FRYING PAN - RUEDI RES. NR BASALT,0.0,0.0,90.3,0.0,0.0,0.0,2017-03-18T13:13:33.015000
20150728,RURC2L_F,FRYING PAN - RUEDI RES. NR BASALT,0.0,0.0,90.3,0.0,0.0,0.0,2017-03-18T13:13:58.034000
20150729,RURC2L_F,FRYING PAN - RUEDI RES. NR BASALT,0.0,0.0,90.3,0.0,0.0,0.0,2017-03-18T13:14:22.583000
20150730,RURC2L_F,FRYING PAN - RUEDI RES. NR BASALT,0.0,0.0,90.3,0.0,0.0,0.0,2017-03-18T13:14:47.570000
20150731,RURC2L_F,FRYING PAN - RUEDI RES. NR BASALT,0.0,0.0,90.3,0.0,0.0,0.0,2017-03-18T13:15:12.995000
20150801,RURC2L_F,FRYING PAN - RUEDI RES. NR BASALT,0.0,0.0,90.3,0.0,0.0,0.0,2017-03-18T13:15:37.888000
20150802,RURC2L_F,FRYING PAN - RUEDI RES. NR BASALT,0.0,0.0,90.3,0.0,0.0,0.0,2017-03-18T13:16:02.516000
20150803,RURC2L_F,FRYING PAN - RUEDI RES. NR BASALT,0.0,0.0,90.3,0.0,0.0,0.0,2017-03-18T13:16:26.721000
20150804,RURC2L_F,FRYING PAN - RUEDI RES. NR BASALT,0.0,0.0,90.3,0.0,0.0,0.0,2017-03-18T13:16:51.849000
20150805,RURC2L_F,FRYING PAN - RUEDI RES. NR BASALT,0.0,0.0,90.3,0.0,0.0,0.0,2017-03-18T13:17:16.336000
20150806,RURC2L_F,FRYING PAN - RUEDI RES. NR BASALT,0.0,0.0,90.3,0.0,0.0,0.0,2017-03-18T13:17:41.323000
20150807,RURC2L_F,FRYING PAN - RUEDI RES. NR BASALT,0.0,0.0,90.3,0.0,0.0,0.0,2017-03-18T13:18:07.373000
20150808,RURC2L_F,FRYING PAN - RUEDI RES. NR BASALT,0.0,0.0,90.3,0.0,0.0,0.0,2017-03-18T13:18:32.969000
20150809,RURC2L_F,FRYING PAN - RUEDI RES. NR BASALT,0.0,0.0,90.3,0.0,0.0,0.0,2017-03-18T13:18:57.738000
20150810,RURC2L_F,FRYING PAN - RUEDI RES. NR BASALT,0.0,0.0,90.3,0.0,0.0,0.0,2017-03-18T13:19:22.865000
20150811,RURC2L_F,FRYING PAN - RUEDI RES. NR BASALT,0.0,0.0,90.3,0.0,0.0,0.0,2017-03-18T13:19:47.134000
20150812,RURC2L_F,FRYING PAN - RUEDI RES. NR BASALT,0.0,0.0,90.3,0.0,0.0,0.0,2017-03-18T13:20:12.371000
20150813,RURC2L_F,FRYING PAN - RUEDI RES. NR BASALT,0.0,0.0,90.3,0.0,0.0,0.0,2017-03-18T13:20:36.826000
20150814,RURC2L_F,FRYING PAN - RUEDI RES. NR BASALT,0.0,0.0,90.3,0.0,0.0,0.0,2017-03-18T13:21:00.876000
20150815,RURC2L_F,FRYING PAN - RUEDI RES. NR BASALT,0.0,0.0,90.3,0.0,0.0,0.0,2017-03-18T13:21:25.394000
20150816,RURC2L_F,FRYING PAN - RUEDI RES. NR BASALT,0.0,0.0,90.3,0.0,0.0,0.0,2017-03-18T13:21:49.397000
20150817,RURC2L_F,FRYING PAN - RUEDI RES. NR BASALT,0.0,0.0,90.3,0.0,0.0,0.0,2017-03-18T13:22:13.603000
20150818,RURC2L_F,FRYING PAN - RUEDI RES. NR BASALT,0.0,0.0,90.3,0.0,0.0,0.0,2017-03-18T13:22:39.527000
20150819,RURC2L_F,FRYING PAN - RUEDI RES. NR BASALT,0.0,0.0,90.3,0.0,0.0,0.0,2017-03-18T13:23:04.639000
20150820,RURC2L_F,FRYING PAN - RUEDI RES. NR BASALT,0.0,0.0,90.3,0.0,0.0,0.0,2017-03-18T13:23:29.314000
20150821,RURC2L_F,FRYING PAN - RUEDI RES. NR BASALT,0.0,0.0,90.3,0.0,0.0,0.0,2017-03-18T13:23:54.629000
20150822,RURC2L_F,FRYING PAN - RUEDI RES. NR BASALT,0.0,0.0,90.3,0.0,0.0,0.0,2017-03-18T13:24:19.460000
20150823,RURC2L_F,FRYING PAN - RUEDI RES. NR BASALT,0.0,0.0,90.3,0.0,0.0,0.0,2017-03-18T13:24:44.337000
20150824,RURC2L_F,FRYING PAN - RUEDI RES. NR BASALT,0.0,0.0,90.3,0.0,0.0,0.0,2017-03-18T13:25:09.762000
20150825,RURC2L_F,FRYING PAN - RUEDI RES. NR BASALT,0.0,0.0,90.3,0.0,0.0,0.0,2017-03-18T13:25:34.702000
20150826,RURC2L_F,FRYING PAN - RUEDI RES. NR BASALT,0.0,0.0,90.3,0.0,0.0,0.0,2017-03-18T13:25:58.549000
20150827,RURC2L_F,FRYING PAN - RUEDI RES. NR BASALT,0.0,0.0,90.3,0.0,0.0,0.0,2017-03-18T13:26:23.223000
20150828,RURC2L_F,FRYING PAN - RUEDI RES. NR BASALT,0.0,0.0,90.3,0.0,0.0,0.0,2017-03-18T13:26:47.429000
20150829,RURC2L_F,FRYING PAN - RUEDI RES. NR BASALT,0.0,0.0,90.3,0.0,0.0,0.0,2017-03-18T13:27:11.494000
20150830,RURC2L_F,FRYING PAN - RUEDI RES. NR BASALT,0.0,0.0,90.3,0.0,0.0,0.0,2017-03-18T13:27:36.122000
20150831,RURC2L_F,FRYING PAN - RUEDI RES. NR BASALT,0.0,0.0,90.3,0.0,0.0,0.0,2017-03-18T13:28:00.734000
20150901,RURC2L_F,FRYING PAN - RUEDI RES. NR BASALT,0.0,0.0,90.3,0.0,0.0,0.0,2017-03-18T13:28:25.034000
20150902,RURC2L_F,FRYING PAN - RUEDI RES. NR BASALT,0.0,0.0,90.3,0.0,0.0,0.0,2017-03-18T13:28:50.880000
20150903,RURC2L_F,FRYING PAN - RUEDI RES. NR BASALT,0.0,0.0,90.3,0.0,0.0,0.0,2017-03-18T13:29:15.445000
20150904,RURC2L_F,FRYING PAN - RUEDI RES. NR BASALT,0.0,0.0,90.3,0.0,0.0,0.0,2017-03-18T13:29:39.964000
20150905,RURC2L_F,FRYING PAN - RUEDI RES. NR BASALT,0.0,0.0,90.3,0.0,0.0,0.0,2017-03-18T13:30:05.248000
20150906,RURC2L_F,FRYING PAN - RUEDI RES. NR BASALT,0.0,0.0,90.3,0.0,0.0,0.0,2017-03-18T13:30:31.094000
20150907,RURC2L_F,FRYING PAN - RUEDI RES. NR BASALT,0.0,0.0,90.3,0.0,0.0,0.0,2017-03-18T13:30:56.285000
20150908,RURC2L_F,FRYING PAN - RUEDI RES. NR BASALT,0.0,0.0,90.3,0.0,0.0,0.0,2017-03-18T13:31:21.115000
20150909,RURC2L_F,FRYING PAN - RUEDI RES. NR BASALT,0.0,0.0,90.3,0.0,0.0,0.0,2017-03-18T13:31:45.993000
20150910,RURC2L_F,FRYING PAN - RUEDI RES. NR BASALT,0.0,0.0,90.3,0.0,0.0,0.0,2017-03-18T13:32:11.371000
20150911,RURC2L_F,FRYING PAN - RUEDI RES. NR BASALT,0.0,0.0,90.3,0.0,0.0,0.0,2017-03-18T13:32:37.342000
20150912,RURC2L_F,FRYING PAN - RUEDI RES. NR BASALT,0.0,0.0,90.3,0.0,0.0,0.0,2017-03-18T13:33:03.064000
20150913,RURC2L_F,FRYING PAN - RUEDI RES. NR BASALT,0.0,0.0,90.3,0.0,0.0,0.0,2017-03-18T13:33:27.973000
20150914,RURC2L_F,FRYING PAN - RUEDI RES. NR BASALT,0.0,0.0,90.3,0.0,0.0,0.0,2017-03-18T13:33:52.491000
20150915,RURC2L_F,FRYING PAN - RUEDI RES. NR BASALT,0.0,0.0,90.3,0.0,0.0,0.0,2017-03-18T13:34:17.588000
20150916,RURC2L_F,FRYING PAN - RUEDI RES. NR BASALT,0.0,0.0,90.3,0.0,0.0,0.0,2017-03-18T13:34:42.809000
20150917,RURC2L_F,FRYING PAN - RUEDI RES. NR BASALT,0.0,0.0,90.3,0.0,0.0,0.0,2017-03-18T13:35:07.968000
20150918,RURC2L_F,FRYING PAN - RUEDI RES. NR BASALT,0.0,0.0,90.3,0.0,0.0,0.0,2017-03-18T13:35:32.893000
20150919,RURC2L_F,FRYING PAN - RUEDI RES. NR BASALT,0.0,0.0,90.3,0.0,0.0,0.0,2017-03-18T13:35:58.692000
20150920,RURC2L_F,FRYING PAN - RUEDI RES. NR BASALT,0.0,0.0,90.3,0.0,0.0,0.0,2017-03-18T13:36:23.398000
20150921,RURC2L_F,FRYING PAN - RUEDI RES. NR BASALT,0.0,0.0,90.3,0.0,0.0,0.0,2017-03-18T13:36:47.713000
20150922,RURC2L_F,FRYING PAN - RUEDI RES. NR BASALT,0.0,0.0,90.3,0.0,0.0,0.0,2017-03-18T13:37:11.528000
20150923,RURC2L_F,FRYING PAN - RUEDI RES. NR BASALT,0.0,0.0,90.3,0.0,0.0,0.0,2017-03-18T13:37:35.656000
20150924,RURC2L_F,FRYING PAN - RUEDI RES. NR BASALT,0.0,0.0,90.3,0.0,0.0,0.0,2017-03-18T13:38:00.440000
20150925,RURC2L_F,FRYING PAN - RUEDI RES. NR BASALT,0.0,0.0,90.3,0.0,0.0,0.0,2017-03-18T13:38:24.708000
20150926,RURC2L_F,FRYING PAN - RUEDI RES. NR BASALT,0.0,0.0,90.3,0.0,0.0,0.0,2017-03-18T13:38:48.898000
20150927,RURC2L_F,FRYING PAN - RUEDI RES. NR BASALT,0.0,0.0,90.3,0.0,0.0,0.0,2017-03-18T13:39:13.151000
20150928,RURC2L_F,FRYING PAN - RUEDI RES. NR BASALT,0.0,0.0,90.3,0.0,0.0,0.0,2017-03-18T13:39:37.122000
20150929,RURC2L_F,FRYING PAN - RUEDI RES. NR BASALT,0.0,0.0,90.3,0.0,0.0,0.0,2017-03-18T13:40:01.578000
20150930,RURC2L_F,FRYING PAN - RUEDI RES. NR BASALT,0.0,0.0,90.3,0.0,0.0,0.0,2017-03-18T13:40:25.987000
20151001,RURC2L_F,FRYING PAN - RUEDI RES. NR BASALT,0.0,0.0,90.3,0.0,0.0,0.0,2017-03-18T13:40:50.380000
20151002,RURC2L_F,FRYING PAN - RUEDI RES. NR BASALT,0.0,0.0,90.3,0.0,0.0,0.0,2017-03-18T13:41:14.336000
20151003,RURC2L_F,FRYING PAN - RUEDI RES. NR BASALT,0.0,0.0,90.3,0.0,0.0,0.0,2017-03-18T13:41:39.182000
20151004,RURC2L_F,FRYING PAN - RUEDI RES. NR BASALT,0.0,0.0,90.3,0.0,0.0,0.0,2017-03-18T13:42:04.638000
20151005,RURC2L_F,FRYING PAN - RUEDI RES. NR BASALT,0.0,0.0,90.3,0.0,0.0,0.0,2017-03-18T13:42:30.094000
20151006,RURC2L_F,FRYING PAN - RUEDI RES. NR BASALT,0.0,0.0,90.3,0.0,0.0,0.0,2017-03-18T13:42:54.472000
20151007,RURC2L_F,FRYING PAN - RUEDI RES. NR BASALT,0.0,0.0,90.3,13.0,13.0,5.14,2017-03-18T13:43:18.443000
20151008,RURC2L_F,FRYING PAN - RUEDI RES. NR BASALT,0.0,0.0,90.3,0.0,0.0,0.0,2017-03-18T13:43:42.836000
20151009,RURC2L_F,FRYING PAN - RUEDI RES. NR BASALT,0.0,0.0,90.3,0.0,0.0,0.0,2017-03-18T13:44:07.682000
20151010,RURC2L_F,FRYING PAN - RUEDI RES. NR BASALT,0.0,0.0,90.3,0.0,0.0,0.0,2017-03-18T13:44:31.779000
20151011,RURC2L_F,FRYING PAN - RUEDI RES. NR BASALT,0.0,0.0,90.3,0.0,0.0,0.0,2017-03-18T13:44:55.891000
20151012,RURC2L_F,FRYING PAN - RUEDI RES. NR BASALT,0.0,0.0,90.3,0.0,0.0,0.0,2017-03-18T13:45:19.753000
20151013,RURC2L_F,FRYING PAN - RUEDI RES. NR BASALT,0.0,0.0,90.3,0.0,0.0,0.0,2017-03-18T13:45:43.990000
20151014,RURC2L_F,FRYING PAN - RUEDI RES. NR BASALT,0.0,0.0,90.3,0.0,-13.0,0.0,2017-03-18T13:46:07.851000
20151015,RURC2L_F,FRYING PAN - RUEDI RES. NR BASALT,0.0,0.0,90.3,0.0,0.0,0.0,2017-03-18T13:46:31.245000
20151016,RURC2L_F,FRYING PAN - RUEDI RES. NR BASALT,0.0,0.0,90.3,0.0,0.0,0.0,2017-03-18T13:46:55.044000
20151017,RURC2L_F,FRYING PAN - RUEDI RES. NR BASALT,0.0,0.0,90.3,0.0,0.0,0.0,2017-03-18T13:47:18.891000
20151018,RURC2L_F,FRYING PAN - RUEDI RES. NR BASALT,0.0,0.0,90.3,0.0,0.0,0.0,2017-03-18T13:47:43.768000
20151019,RURC2L_F,FRYING PAN - RUEDI RES. NR BASALT,0.0,0.0,90.3,0.0,0.0,0.0,2017-03-18T13:48:09.334000
20151020,RURC2L_F,FRYING PAN - RUEDI RES. NR BASALT,0.0,0.0,90.3,0.0,0.0,0.0,2017-03-18T13:48:34.618000
20151021,RURC2L_F,FRYING PAN - RUEDI RES. NR BASALT,0.0,0.0,90.3,13.0,13.0,5.23,2017-03-18T13:48:59.433000
20151022,RURC2L_F,FRYING PAN - RUEDI RES. NR BASALT,0.0,0.0,90.3,51.0,51.0,19.27,2017-03-18T13:49:24.186000
20151023,RURC2L_F,FRYING PAN - RUEDI RES. NR BASALT,0.8,21.0,90.3,3908.0,3908.0,99.08,2017-03-18T13:49:50.110000
20151024,RURC2L_F,FRYING PAN - RUEDI RES. NR BASALT,1.1,28.0,90.3,5377.0,5377.0,97.89,2017-03-18T13:50:15.988000
20151025,RURC2L_F,FRYING PAN - RUEDI RES. NR BASALT,1.1,27.0,90.3,5174.0,5174.0,96.24,2017-03-18T13:50:40.944000
20151026,RURC2L_F,FRYING PAN - RUEDI RES. NR BASALT,1.0,25.0,90.3,4702.0,4702.0,90.73,2017-03-18T13:51:05.915000
20151027,RURC2L_F,FRYING PAN - RUEDI RES. NR BASALT,1.2,31.0,90.3,5896.0,5896.0,88.17,2017-03-18T13:51:32.387000
20151028,RURC2L_F,FRYING PAN - RUEDI RES. NR BASALT,1.3,34.0,90.3,6355.0,6342.0,85.78,2017-03-18T13:51:58.140000
20151029,RURC2L_F,FRYING PAN - RUEDI RES. NR BASALT,1.3,32.0,90.3,6112.0,6061.0,85.69,2017-03-18T13:52:25.236000
20151030,RURC2L_F,FRYING PAN - RUEDI RES. NR BASALT,1.2,31.0,90.3,5896.0,1988.0,83.85,2017-03-18T13:52:52.114000
20151031,RURC2L_F,FRYING PAN - RUEDI RES. NR BASALT,1.4,35.0,90.3,6705.0,1328.0,90.55,2017-03-18T13:53:19.852000
20151101,RURC2L_F,FRYING PAN - RUEDI RES. NR BASALT,1.3,33.0,90.3,6341.0,1167.0,82.66,2017-03-18T13:53:46.589000
20151102,RURC2L_F,FRYING PAN - RUEDI RES. NR BASALT,1.2,30.0,90.3,5687.0,985.0,78.17,2017-03-18T13:54:12.639000
20151103,RURC2L_F,FRYING PAN - RUEDI RES. NR BASALT,0.9,24.0,90.3,4558.0,-1338.0,70.55,2017-03-18T13:54:39.517000
20151104,RURC2L_F,FRYING PAN - RUEDI RES. NR BASALT,0.7,18.0,90.3,3447.0,-2908.0,64.22,2017-03-18T13:55:07.801000
20151105,RURC2L_F,FRYING PAN - RUEDI RES. NR BASALT,0.9,23.0,90.3,4289.0,-1823.0,99.63,2017-03-18T13:55:37.133000
20151106,RURC2L_F,FRYING PAN - RUEDI RES. NR BASALT,1.8,45.0,90.3,8443.0,2547.0,100.0,2017-03-18T13:56:08.670000
20151107,RURC2L_F,FRYING PAN - RUEDI RES. NR BASALT,1.9,48.0,90.3,9045.0,2340.0,100.0,2017-03-18T13:56:39.939000
20151108,RURC2L_F,FRYING PAN - RUEDI RES. NR BASALT,1.9,47.0,90.3,8989.0,2648.0,100.0,2017-03-18T13:57:09.411000
20151109,RURC2L_F,FRYING PAN - RUEDI RES. NR BASALT,1.8,47.0,90.3,8835.0,3148.0,100.0,2017-03-18T13:57:37.867000
20151110,RURC2L_F,FRYING PAN - RUEDI RES. NR BASALT,1.7,44.0,90.3,8401.0,3843.0,100.0,2017-03-18T13:58:07.183000
20151111,RURC2L_F,FRYING PAN - RUEDI RES. NR BASALT,1.8,45.0,90.3,8515.0,5068.0,98.35,2017-03-18T13:58:36.170000
20151112,RURC2L_F,FRYING PAN - RUEDI RES. NR BASALT,2.1,53.0,90.3,10011.0,5722.0,100.0,2017-03-18T13:59:06.908000
20151113,RURC2L_F,FRYING PAN - RUEDI RES. NR BASALT,2.2,56.0,90.3,10654.0,2211.0,100.0,2017-03-18T13:59:37.083000
20151114,RURC2L_F,FRYING PAN - RUEDI RES. NR BASALT,2.2,56.0,90.3,10571.0,1526.0,100.0,2017-03-18T14:00:06.883000
20151115,RURC2L_F,FRYING PAN - RUEDI RES. NR BASALT,2.2,55.0,90.3,10460.0,1471.0,100.0,2017-03-18T14:00:35.386000
20151116,RURC2L_F,FRYING PAN - RUEDI RES. NR BASALT,2.1,53.0,90.3,10019.0,1184.0,100.0,2017-03-18T14:01:04.811000
20151117,RURC2L_F,FRYING PAN - RUEDI RES. NR BASALT,2.9,73.0,90.3,13893.0,5492.0,100.0,2017-03-18T14:01:36.034000
20151118,RURC2L_F,FRYING PAN - RUEDI RES. NR BASALT,3.2,80.0,90.3,15222.0,6707.0,100.0,2017-03-18T14:02:08.803000
20151119,RURC2L_F,FRYING PAN - RUEDI RES. NR BASALT,3.2,80.0,90.3,15172.0,5161.0,100.0,2017-03-18T14:02:40.619000
20151120,RURC2L_F,FRYING PAN - RUEDI RES. NR BASALT,3.0,75.0,90.3,14250.0,3596.0,100.0,2017-03-18T14:03:11.591000
20151121,RURC2L_F,FRYING PAN - RUEDI RES. NR BASALT,2.9,75.0,90.3,14129.0,3558.0,100.0,2017-03-18T14:03:41.062000
20151122,RURC2L_F,FRYING PAN - RUEDI RES. NR BASALT,2.9,73.0,90.3,13905.0,3445.0,100.0,2017-03-18T14:04:11.863000
20151123,RURC2L_F,FRYING PAN - RUEDI RES. NR BASALT,2.8,72.0,90.3,13703.0,3684.0,99.72,2017-03-18T14:04:42.522000
20151124,RURC2L_F,FRYING PAN - RUEDI RES. NR BASALT,2.9,73.0,90.3,13875.0,-18.0,99.63,2017-03-18T14:05:13.088000
20151125,RURC2L_F,FRYING PAN - RUEDI RES. NR BASALT,2.8,71.0,90.3,13460.0,-1762.0,98.07,2017-03-18T14:05:44.826000
20151126,RURC2L_F,FRYING PAN - RUEDI RES. NR BASALT,2.6,67.0,90.3,12625.0,-2547.0,94.68,2017-03-18T14:06:16.658000
20151127,RURC2L_F,FRYING PAN - RUEDI RES. NR BASALT,2.6,66.0,90.3,12486.0,-1764.0,94.95,2017-03-18T14:06:49.208000
20151128,RURC2L_F,FRYING PAN - RUEDI RES. NR BASALT,2.6,67.0,90.3,12656.0,-1473.0,99.27,2017-03-18T14:07:23.227000
20151129,RURC2L_F,FRYING PAN - RUEDI RES. NR BASALT,2.7,68.0,90.3,12911.0,-994.0,100.0,2017-03-18T14:07:56.778000
20151130,RURC2L_F,FRYING PAN - RUEDI RES. NR BASALT,2.8,70.0,90.3,13304.0,-399.0,100.0,2017-03-18T14:08:29.563000
20151201,RURC2L_F,FRYING PAN - RUEDI RES. NR BASALT,3.0,76.0,90.3,14328.0,453.0,100.0,2017-03-18T14:09:03.363000
20151202,RURC2L_F,FRYING PAN - RUEDI RES. NR BASALT,3.0,75.0,90.3,14261.0,801.0,100.0,2017-03-18T14:09:37.023000
20151203,RURC2L_F,FRYING PAN - RUEDI RES. NR BASALT,2.9,74.0,90.3,14091.0,1466.0,100.0,2017-03-18T14:10:11.168000
20151204,RURC2L_F,FRYING PAN - RUEDI RES. NR BASALT,2.9,74.0,90.3,13983.0,1497.0,100.0,2017-03-18T14:10:45.109000
20151205,RURC2L_F,FRYING PAN - RUEDI RES. NR BASALT,2.9,74.0,90.3,14017.0,1361.0,100.0,2017-03-18T14:11:19.159000
20151206,RURC2L_F,FRYING PAN - RUEDI RES. NR BASALT,3.0,76.0,90.3,14363.0,1452.0,100.0,2017-03-18T14:11:53.460000
20151207,RURC2L_F,FRYING PAN - RUEDI RES. NR BASALT,2.9,75.0,90.3,14137.0,833.0,100.0,2017-03-18T14:12:25.963000
20151208,RURC2L_F,FRYING PAN - RUEDI RES. NR BASALT,2.9,73.0,90.3,13749.0,-579.0,100.0,2017-03-18T14:12:57.857000
20151209,RURC2L_F,FRYING PAN - RUEDI RES. NR BASALT,3.2,82.0,90.3,15452.0,1191.0,100.0,2017-03-18T14:13:28.954000
20151210,RURC2L_F,FRYING PAN - RUEDI RES. NR BASALT,3.1,79.0,90.3,15012.0,921.0,99.36,2017-03-18T14:13:58.333000
20151211,RURC2L_F,FRYING PAN - RUEDI RES. NR BASALT,3.2,80.0,90.3,15237.0,1254.0,98.53,2017-03-18T14:14:29.024000
20151212,RURC2L_F,FRYING PAN - RUEDI RES. NR BASALT,3.0,77.0,90.3,14590.0,573.0,93.85,2017-03-18T14:14:59.886000
20151213,RURC2L_F,FRYING PAN - RUEDI RES. NR BASALT,3.7,94.0,90.3,17724.0,3361.0,100.0,2017-03-18T14:15:32.843000
20151214,RURC2L_F,FRYING PAN - RUEDI RES. NR BASALT,3.7,93.0,90.3,17623.0,3486.0,100.0,2017-03-18T14:16:09.331000
20151215,RURC2L_F,FRYING PAN - RUEDI RES. NR BASALT,3.7,94.0,90.3,17857.0,4108.0,100.0,2017-03-18T14:16:45.085000
20151216,RURC2L_F,FRYING PAN - RUEDI RES. NR BASALT,4.2,107.0,90.3,20269.0,4817.0,100.0,2017-03-18T14:17:19.308000
20151217,RURC2L_F,FRYING PAN - RUEDI RES. NR BASALT,4.2,108.0,90.3,20409.0,5397.0,100.0,2017-03-18T14:17:53.046000
20151218,RURC2L_F,FRYING PAN - RUEDI RES. NR BASALT,4.1,105.0,90.3,19907.0,4670.0,100.0,2017-03-18T14:18:29.753000
20151219,RURC2L_F,FRYING PAN - RUEDI RES. NR BASALT,4.1,104.0,90.3,19780.0,5190.0,100.0,2017-03-18T14:19:05.804000
20151220,RURC2L_F,FRYING PAN - RUEDI RES. NR BASALT,4.0,102.0,90.3,19405.0,1681.0,100.0,2017-03-18T14:19:41.057000
20151221,RURC2L_F,FRYING PAN - RUEDI RES. NR BASALT,4.1,104.0,90.3,19620.0,1997.0,100.0,2017-03-18T14:20:15.702000
20151222,RURC2L_F,FRYING PAN - RUEDI RES. NR BASALT,4.3,109.0,90.3,20750.0,2893.0,100.0,2017-03-18T14:20:51.424000
20151223,RURC2L_F,FRYING PAN - RUEDI RES. NR BASALT,5.2,132.0,90.3,24975.0,4706.0,100.0,2017-03-18T14:21:28.069000
20151224,RURC2L_F,FRYING PAN - RUEDI RES. NR BASALT,5.5,140.0,90.3,26614.0,6205.0,100.0,2017-03-18T14:22:04.307000
20151225,RURC2L_F,FRYING PAN - RUEDI RES. NR BASALT,5.6,141.0,90.3,26784.0,6877.0,100.0,2017-03-18T14:22:40.374000
20151226,RURC2L_F,FRYING PAN - RUEDI RES. NR BASALT,5.8,148.0,90.3,28084.0,8304.0,100.0,2017-03-18T14:23:15.706000
20151227,RURC2L_F,FRYING PAN - RUEDI RES. NR BASALT,5.9,149.0,90.3,28209.0,8804.0,100.0,2017-03-18T14:23:53.616000
20151228,RURC2L_F,FRYING PAN - RUEDI RES. NR BASALT,5.8,149.0,90.3,28151.0,8531.0,100.0,2017-03-18T14:24:33.011000
20151229,RURC2L_F,FRYING PAN - RUEDI RES. NR BASALT,5.4,137.0,90.3,25966.0,5216.0,100.0,2017-03-18T14:25:15.078000
20151230,RURC2L_F,FRYING PAN - RUEDI RES. NR BASALT,5.4,137.0,90.3,25990.0,1015.0,100.0,2017-03-18T14:25:55.113000
20151231,RURC2L_F,FRYING PAN - RUEDI RES. NR BASALT,5.5,139.0,90.3,26350.0,-264.0,100.0,2017-03-18T14:26:34.430000
20160101,RURC2L_F,FRYING PAN - RUEDI RES. NR BASALT,5.6,143.0,90.3,27052.0,268.0,100.0,2017-03-18T14:27:13.512000
20160102,RURC2L_F,FRYING PAN - RUEDI RES. NR BASALT,5.6,143.0,90.3,27014.0,-1070.0,100.0,2017-03-18T14:27:53.423000
20160103,RURC2L_F,FRYING PAN - RUEDI RES. NR BASALT,5.6,142.0,90.3,26959.0,-1250.0,100.0,2017-03-18T14:28:32.443000
20160104,RURC2L_F,FRYING PAN - RUEDI RES. NR BASALT,5.6,142.0,90.3,26887.0,-1264.0,100.0,2017-03-18T14:29:10.947000
20160105,RURC2L_F,FRYING PAN - RUEDI RES. NR BASALT,5.5,141.0,90.3,26665.0,699.0,100.0,2017-03-18T14:29:49.107000
20160106,RURC2L_F,FRYING PAN - RUEDI RES. NR BASALT,5.5,140.0,90.3,26600.0,610.0,100.0,2017-03-18T14:30:28.471000
20160107,RURC2L_F,FRYING PAN - RUEDI RES. NR BASALT,5.7,145.0,90.3,27463.0,1113.0,100.0,2017-03-18T14:31:08.413000
20160108,RURC2L_F,FRYING PAN - RUEDI RES. NR BASALT,6.0,152.0,90.3,28809.0,1757.0,100.0,2017-03-18T14:31:47.964000
20160109,RURC2L_F,FRYING PAN - RUEDI RES. NR BASALT,6.2,159.0,90.3,30051.0,3037.0,100.0,2017-03-18T14:32:26.374000
20160110,RURC2L_F,FRYING PAN - RUEDI RES. NR BASALT,6.3,160.0,90.3,30268.0,3309.0,100.0,2017-03-18T14:33:05.550000
20160111,RURC2L_F,FRYING PAN - RUEDI RES. NR BASALT,6.3,160.0,90.3,30297.0,3410.0,100.0,2017-03-18T14:33:44.414000
20160112,RURC2L_F,FRYING PAN - RUEDI RES. NR BASALT,6.3,159.0,90.3,30213.0,3548.0,100.0,2017-03-18T14:34:23.731000
20160113,RURC2L_F,FRYING PAN - RUEDI RES. NR BASALT,6.2,158.0,90.3,30016.0,3416.0,100.0,2017-03-18T14:35:03.423000
20160114,RURC2L_F,FRYING PAN - RUEDI RES. NR BASALT,6.2,157.0,90.3,29746.0,2283.0,100.0,2017-03-18T14:35:43.286000
20160115,RURC2L_F,FRYING PAN - RUEDI RES. NR BASALT,6.1,156.0,90.3,29601.0,792.0,100.0,2017-03-18T14:36:28.276000
20160116,RURC2L_F,FRYING PAN - RUEDI RES. NR BASALT,6.4,163.0,90.3,30839.0,788.0,100.0,2017-03-18T14:37:07.624000
20160117,RURC2L_F,FRYING PAN - RUEDI RES. NR BASALT,6.5,165.0,90.3,31253.0,985.0,100.0,2017-03-18T14:37:46.222000
20160118,RURC2L_F,FRYING PAN - RUEDI RES. NR BASALT,6.7,171.0,90.3,32460.0,2163.0,100.0,2017-03-18T14:38:25.148000
20160119,RURC2L_F,FRYING PAN - RUEDI RES. NR BASALT,6.7,171.0,90.3,32488.0,2275.0,100.0,2017-03-18T14:39:04.167000
20160120,RURC2L_F,FRYING PAN - RUEDI RES. NR BASALT,6.7,169.0,90.3,32089.0,2073.0,100.0,2017-03-18T14:39:44.172000
20160121,RURC2L_F,FRYING PAN - RUEDI RES. NR BASALT,7.1,181.0,90.3,34217.0,4471.0,100.0,2017-03-18T14:40:25.004000
20160122,RURC2L_F,FRYING PAN - RUEDI RES. NR BASALT,7.1,180.0,90.3,34134.0,4533.0,100.0,2017-03-18T14:41:05.087000
20160123,RURC2L_F,FRYING PAN - RUEDI RES. NR BASALT,7.1,180.0,90.3,34035.0,3196.0,100.0,2017-03-18T14:41:47.122000
20160124,RURC2L_F,FRYING PAN - RUEDI RES. NR BASALT,7.0,178.0,90.3,33699.0,2446.0,100.0,2017-03-18T14:42:29.361000
20160125,RURC2L_F,FRYING PAN - RUEDI RES. NR BASALT,7.3,185.0,90.3,35149.0,2689.0,100.0,2017-03-18T14:43:10.663000
20160126,RURC2L_F,FRYING PAN - RUEDI RES. NR BASALT,7.4,188.0,90.3,35718.0,3230.0,100.0,2017-03-18T14:43:50.682000
20160127,RURC2L_F,FRYING PAN - RUEDI RES. NR BASALT,7.4,188.0,90.3,35667.0,3578.0,100.0,2017-03-18T14:44:29.937000
20160128,RURC2L_F,FRYING PAN - RUEDI RES. NR BASALT,7.2,184.0,90.3,34808.0,591.0,100.0,2017-03-18T14:45:08.597000
20160129,RURC2L_F,FRYING PAN - RUEDI RES. NR BASALT,7.2,183.0,90.3,34721.0,587.0,100.0,2017-03-18T14:45:47.242000
20160130,RURC2L_F,FRYING PAN - RUEDI RES. NR BASALT,7.2,183.0,90.3,34783.0,748.0,100.0,2017-03-18T14:46:25.746000
20160131,RURC2L_F,FRYING PAN - RUEDI RES. NR BASALT,7.7,195.0,90.3,36876.0,3177.0,100.0,2017-03-18T14:47:03.422000
20160201,RURC2L_F,FRYING PAN - RUEDI RES. NR BASALT,8.0,202.0,90.3,38283.0,3134.0,100.0,2017-03-18T14:47:40.488000
20160202,RURC2L_F,FRYING PAN - RUEDI RES. NR BASALT,8.6,218.0,90.3,41397.0,5679.0,100.0,2017-03-18T14:48:17.774000
20160203,RURC2L_F,FRYING PAN - RUEDI RES. NR BASALT,9.0,230.0,90.3,43549.0,7882.0,100.0,2017-03-18T14:48:56.012000
20160204,RURC2L_F,FRYING PAN - RUEDI RES. NR BASALT,9.1,231.0,90.3,43866.0,9058.0,100.0,2017-03-18T14:49:33.626000
20160205,RURC2L_F,FRYING PAN - RUEDI RES. NR BASALT,9.2,234.0,90.3,44397.0,9676.0,100.0,2017-03-18T14:50:10.880000
20160206,RURC2L_F,FRYING PAN - RUEDI RES. NR BASALT,9.3,236.0,90.3,44805.0,10022.0,100.0,2017-03-18T14:50:48.915000
20160207,RURC2L_F,FRYING PAN - RUEDI RES. NR BASALT,9.3,236.0,90.3,44667.0,7791.0,100.0,2017-03-18T14:51:26.388000
20160208,RURC2L_F,FRYING PAN - RUEDI RES. NR BASALT,9.2,234.0,90.3,44444.0,6161.0,100.0,2017-03-18T14:52:02.533000
20160209,RURC2L_F,FRYING PAN - RUEDI RES. NR BASALT,9.2,234.0,90.3,44313.0,2916.0,100.0,2017-03-18T14:52:39.786000
20160210,RURC2L_F,FRYING PAN - RUEDI RES. NR BASALT,8.9,226.0,90.3,42800.0,-749.0,100.0,2017-03-18T14:53:17.650000
20160211,RURC2L_F,FRYING PAN - RUEDI RES. NR BASALT,8.8,224.0,90.3,42507.0,-1359.0,100.0,2017-03-18T14:53:54.013000
20160212,RURC2L_F,FRYING PAN - RUEDI RES. NR BASALT,8.8,223.0,90.3,42254.0,-2143.0,100.0,2017-03-18T14:54:30.080000
20160213,RURC2L_F,FRYING PAN - RUEDI RES. NR BASALT,8.7,221.0,90.3,41968.0,-2837.0,100.0,2017-03-18T14:55:06.568000
20160214,RURC2L_F,FRYING PAN - RUEDI RES. NR BASALT,8.6,219.0,90.3,41438.0,-3229.0,100.0,2017-03-18T14:55:43.666000
20160215,RURC2L_F,FRYING PAN - RUEDI RES. NR BASALT,8.7,221.0,90.3,41840.0,-2604.0,100.0,2017-03-18T14:56:23.279000
20160216,RURC2L_F,FRYING PAN - RUEDI RES. NR BASALT,8.7,221.0,90.3,41943.0,-2370.0,100.0,2017-03-18T14:57:01.877000
20160217,RURC2L_F,FRYING PAN - RUEDI RES. NR BASALT,9.4,239.0,90.3,45212.0,2412.0,100.0,2017-03-18T14:57:40.913000
20160218,RURC2L_F,FRYING PAN - RUEDI RES. NR BASALT,9.2,234.0,90.3,44360.0,1853.0,100.0,2017-03-18T14:58:18.167000
20160219,RURC2L_F,FRYING PAN - RUEDI RES. NR BASALT,9.1,230.0,90.3,43602.0,1348.0,100.0,2017-03-18T14:58:56.217000
20160220,RURC2L_F,FRYING PAN - RUEDI RES. NR BASALT,8.9,226.0,90.3,42864.0,896.0,100.0,2017-03-18T14:59:32.065000
20160221,RURC2L_F,FRYING PAN - RUEDI RES. NR BASALT,8.7,221.0,90.3,41837.0,399.0,100.0,2017-03-18T15:00:05.616000
20160222,RURC2L_F,FRYING PAN - RUEDI RES. NR BASALT,8.6,218.0,90.3,41372.0,-468.0,100.0,2017-03-18T15:00:37.400000
20160223,RURC2L_F,FRYING PAN - RUEDI RES. NR BASALT,9.6,244.0,90.3,46323.0,4380.0,100.0,2017-03-18T15:01:10.342000
20160224,RURC2L_F,FRYING PAN - RUEDI RES. NR BASALT,9.8,250.0,90.3,47298.0,2086.0,100.0,2017-03-18T15:01:43.939000
20160225,RURC2L_F,FRYING PAN - RUEDI RES. NR BASALT,9.8,249.0,90.3,47127.0,2767.0,100.0,2017-03-18T15:02:19.131000
20160226,RURC2L_F,FRYING PAN - RUEDI RES. NR BASALT,9.8,248.0,90.3,47002.0,3400.0,100.0,2017-03-18T15:02:53.275000
20160227,RURC2L_F,FRYING PAN - RUEDI RES. NR BASALT,9.7,247.0,90.3,46850.0,3986.0,100.0,2017-03-18T15:03:26.231000
20160228,RURC2L_F,FRYING PAN - RUEDI RES. NR BASALT,9.6,244.0,90.3,46174.0,4337.0,100.0,2017-03-18T15:03:58.641000
20160229,RURC2L_F,FRYING PAN - RUEDI RES. NR BASALT,9.5,242.0,90.3,45802.0,4430.0,100.0,2017-03-18T15:04:29.520000
20160301,RURC2L_F,FRYING PAN - RUEDI RES. NR BASALT,9.4,239.0,90.3,45251.0,-1072.0,100.0,2017-03-18T15:05:01.586000
20160302,RURC2L_F,FRYING PAN - RUEDI RES. NR BASALT,9.3,235.0,90.3,44594.0,-2704.0,100.0,2017-03-18T15:05:34.386000
20160303,RURC2L_F,FRYING PAN - RUEDI RES. NR BASALT,9.1,231.0,90.3,43772.0,-3355.0,100.0,2017-03-18T15:06:06.655000
20160304,RURC2L_F,FRYING PAN - RUEDI RES. NR BASALT,8.9,227.0,90.3,43033.0,-3969.0,100.0,2017-03-18T15:06:40.174000
20160305,RURC2L_F,FRYING PAN - RUEDI RES. NR BASALT,8.8,224.0,90.3,42529.0,-4321.0,100.0,2017-03-18T15:07:13.194000
20160306,RURC2L_F,FRYING PAN - RUEDI RES. NR BASALT,8.6,219.0,90.3,41435.0,-4739.0,99.54,2017-03-18T15:07:46.760000
20160307,RURC2L_F,FRYING PAN - RUEDI RES. NR BASALT,8.5,216.0,90.3,40934.0,-4868.0,98.53,2017-03-18T15:08:21.357000
20160308,RURC2L_F,FRYING PAN - RUEDI RES. NR BASALT,9.9,251.0,90.3,47501.0,2250.0,100.0,2017-03-18T15:08:55.017000
20160309,RURC2L_F,FRYING PAN - RUEDI RES. NR BASALT,9.9,252.0,90.3,47774.0,3180.0,100.0,2017-03-18T15:09:27.708000
20160310,RURC2L_F,FRYING PAN - RUEDI RES. NR BASALT,9.9,252.0,90.3,47799.0,4027.0,100.0,2017-03-18T15:09:59.665000
20160311,RURC2L_F,FRYING PAN - RUEDI RES. NR BASALT,9.9,251.0,90.3,47596.0,4563.0,100.0,2017-03-18T15:10:30.699000
20160312,RURC2L_F,FRYING PAN - RUEDI RES. NR BASALT,9.8,248.0,90.3,47028.0,4499.0,100.0,2017-03-18T15:11:00.500000
20160313,RURC2L_F,FRYING PAN - RUEDI RES. NR BASALT,9.9,253.0,90.3,47862.0,6427.0,100.0,2017-03-18T15:11:30.722000
20160314,RURC2L_F,FRYING PAN - RUEDI RES. NR BASALT,9.8,248.0,90.3,46979.0,6045.0,100.0,2017-03-18T15:12:01.850000
20160315,RURC2L_F,FRYING PAN - RUEDI RES. NR BASALT,10.0,254.0,90.3,48066.0,565.0,100.0,2017-03-18T15:12:32.963000
20160316,RURC2L_F,FRYING PAN - RUEDI RES. NR BASALT,10.2,260.0,90.3,49235.0,1461.0,100.0,2017-03-18T15:13:03.732000
20160317,RURC2L_F,FRYING PAN - RUEDI RES. NR BASALT,10.3,262.0,90.3,49720.0,1921.0,100.0,2017-03-18T15:13:33.844000
20160318,RURC2L_F,FRYING PAN - RUEDI RES. NR BASALT,10.2,260.0,90.3,49260.0,1664.0,100.0,2017-03-18T15:14:03.863000
20160319,RURC2L_F,FRYING PAN - RUEDI RES. NR BASALT,10.2,258.0,90.3,48992.0,1964.0,100.0,2017-03-18T15:14:34.523000
20160320,RURC2L_F,FRYING PAN - RUEDI RES. NR BASALT,10.1,257.0,90.3,48676.0,814.0,100.0,2017-03-18T15:15:05.354000
20160321,RURC2L_F,FRYING PAN - RUEDI RES. NR BASALT,10.0,255.0,90.3,48257.0,1278.0,99.82,2017-03-18T15:15:36.764000
20160322,RURC2L_F,FRYING PAN - RUEDI RES. NR BASALT,9.9,252.0,90.3,47687.0,-379.0,99.54,2017-03-18T15:16:07.783000
20160323,RURC2L_F,FRYING PAN - RUEDI RES. NR BASALT,9.5,241.0,90.3,45739.0,-3496.0,97.61,2017-03-18T15:16:39.880000
20160324,RURC2L_F,FRYING PAN - RUEDI RES. NR BASALT,10.3,261.0,90.3,49501.0,-219.0,100.0,2017-03-18T15:17:14.024000
20160325,RURC2L_F,FRYING PAN - RUEDI RES. NR BASALT,10.3,261.0,90.3,49475.0,215.0,100.0,2017-03-18T15:17:48.684000
20160326,RURC2L_F,FRYING PAN - RUEDI RES. NR BASALT,10.4,265.0,90.3,50275.0,1283.0,100.0,2017-03-18T15:18:22
20160327,RURC2L_F,FRYING PAN - RUEDI RES. NR BASALT,10.5,267.0,90.3,50517.0,1841.0,100.0,2017-03-18T15:18:53.925000
20160328,RURC2L_F,FRYING PAN - RUEDI RES. NR BASALT,10.4,265.0,90.3,50292.0,2035.0,100.0,2017-03-18T15:19:26.898000
20160329,RURC2L_F,FRYING PAN - RUEDI RES. NR BASALT,10.2,259.0,90.3,49179.0,1492.0,98.53,2017-03-18T15:19:59.339000
20160330,RURC2L_F,FRYING PAN - RUEDI RES. NR BASALT,10.8,275.0,90.3,52145.0,6406.0,99.91,2017-03-18T15:20:32.452000
20160331,RURC2L_F,FRYING PAN - RUEDI RES. NR BASALT,11.2,284.0,90.3,53924.0,4423.0,100.0,2017-03-18T15:21:04.533000
20160401,RURC2L_F,FRYING PAN - RUEDI RES. NR BASALT,11.4,290.0,90.3,54986.0,5511.0,100.0,2017-03-18T15:21:37.493000
20160402,RURC2L_F,FRYING PAN - RUEDI RES. NR BASALT,11.4,289.0,90.3,54875.0,4600.0,100.0,2017-03-18T15:22:09.512000
20160403,RURC2L_F,FRYING PAN - RUEDI RES. NR BASALT,11.3,287.0,90.3,54466.0,3949.0,100.0,2017-03-18T15:22:40.734000
20160404,RURC2L_F,FRYING PAN - RUEDI RES. NR BASALT,11.2,283.0,90.3,53686.0,3394.0,97.71,2017-03-18T15:23:10.862000
20160405,RURC2L_F,FRYING PAN - RUEDI RES. NR BASALT,10.9,277.0,90.3,52526.0,3347.0,96.24,2017-03-18T15:23:42.006000
20160406,RURC2L_F,FRYING PAN - RUEDI RES. NR BASALT,11.1,281.0,90.3,53266.0,1121.0,100.0,2017-03-18T15:24:12.962000
20160407,RURC2L_F,FRYING PAN - RUEDI RES. NR BASALT,10.9,276.0,90.3,52260.0,-1664.0,96.51,2017-03-18T15:24:43.825000
20160408,RURC2L_F,FRYING PAN - RUEDI RES. NR BASALT,10.6,270.0,90.3,51257.0,-3729.0,95.96,2017-03-18T15:25:13.969000
20160409,RURC2L_F,FRYING PAN - RUEDI RES. NR BASALT,10.4,264.0,90.3,49997.0,-4878.0,95.78,2017-03-18T15:25:49.106000
20160410,RURC2L_F,FRYING PAN - RUEDI RES. NR BASALT,10.2,260.0,90.3,49258.0,-5208.0,94.68,2017-03-18T15:26:28.095000
20160411,RURC2L_F,FRYING PAN - RUEDI RES. NR BASALT,10.1,255.0,90.3,48411.0,-5275.0,93.58,2017-03-18T15:27:04.083000
20160412,RURC2L_F,FRYING PAN - RUEDI RES. NR BASALT,10.1,256.0,90.3,48482.0,-4044.0,92.66,2017-03-18T15:27:36.477000
20160413,RURC2L_F,FRYING PAN - RUEDI RES. NR BASALT,10.3,263.0,90.3,49794.0,-3472.0,96.79,2017-03-18T15:28:12.090000
20160414,RURC2L_F,FRYING PAN - RUEDI RES. NR BASALT,10.1,257.0,90.3,48785.0,-3475.0,92.48,2017-03-18T15:28:43.906000
20160415,RURC2L_F,FRYING PAN - RUEDI RES. NR BASALT,9.7,247.0,90.3,46859.0,-4398.0,90.64,2017-03-18T15:29:15.066000
20160416,RURC2L_F,FRYING PAN - RUEDI RES. NR BASALT,10.1,257.0,90.3,48786.0,-1211.0,100.0,2017-03-18T15:29:49.444000
20160417,RURC2L_F,FRYING PAN - RUEDI RES. NR BASALT,10.9,276.0,90.3,52347.0,3089.0,100.0,2017-03-18T15:30:21.948000
20160418,RURC2L_F,FRYING PAN - RUEDI RES. NR BASALT,11.3,288.0,90.3,54618.0,6207.0,100.0,2017-03-18T15:30:53.873000
20160419,RURC2L_F,FRYING PAN - RUEDI RES. NR BASALT,11.9,301.0,90.3,57117.0,8635.0,100.0,2017-03-18T15:31:25.283000
20160420,RURC2L_F,FRYING PAN - RUEDI RES. NR BASALT,12.0,305.0,90.3,57858.0,8064.0,100.0,2017-03-18T15:32:00.833000
20160421,RURC2L_F,FRYING PAN - RUEDI RES. NR BASALT,12.2,310.0,90.3,58678.0,9893.0,99.63,2017-03-18T15:32:31.883000
20160422,RURC2L_F,FRYING PAN - RUEDI RES. NR BASALT,12.0,304.0,90.3,57713.0,10854.0,98.26,2017-03-18T15:33:01.777000
20160423,RURC2L_F,FRYING PAN - RUEDI RES. NR BASALT,11.5,292.0,90.3,55414.0,6628.0,91.19,2017-03-18T15:33:30.343000
20160424,RURC2L_F,FRYING PAN - RUEDI RES. NR BASALT,11.0,280.0,90.3,53032.0,685.0,89.63,2017-03-18T15:33:58.752000
20160425,RURC2L_F,FRYING PAN - RUEDI RES. NR BASALT,10.8,274.0,90.3,51854.0,-2764.0,88.81,2017-03-18T15:34:29.365000
20160426,RURC2L_F,FRYING PAN - RUEDI RES. NR BASALT,10.7,271.0,90.3,51321.0,-5796.0,88.17,2017-03-18T15:35:00.603000
20160427,RURC2L_F,FRYING PAN - RUEDI RES. NR BASALT,10.8,273.0,90.3,51805.0,-6053.0,99.27,2017-03-18T15:35:33.262000
20160428,RURC2L_F,FRYING PAN - RUEDI RES. NR BASALT,10.8,276.0,90.3,52236.0,-6442.0,95.14,2017-03-18T15:36:06.016000
20160429,RURC2L_F,FRYING PAN - RUEDI RES. NR BASALT,11.4,290.0,90.3,54877.0,-2836.0,92.75,2017-03-18T15:36:39.082000
20160430,RURC2L_F,FRYING PAN - RUEDI RES. NR BASALT,12.1,308.0,90.3,58365.0,2951.0,94.59,2017-03-18T15:37:10.882000
20160501,RURC2L_F,FRYING PAN - RUEDI RES. NR BASALT,12.4,315.0,90.3,59661.0,6629.0,96.24,2017-03-18T15:37:43.057000
20160502,RURC2L_F,FRYING PAN - RUEDI RES. NR BASALT,12.4,315.0,90.3,59670.0,7816.0,92.94,2017-03-18T15:38:13.326000
20160503,RURC2L_F,FRYING PAN - RUEDI RES. NR BASALT,12.3,313.0,90.3,59329.0,8008.0,91.1,2017-03-18T15:38:42.829000
20160504,RURC2L_F,FRYING PAN - RUEDI RES. NR BASALT,12.1,308.0,90.3,58376.0,6571.0,88.53,2017-03-18T15:39:11.270000
20160505,RURC2L_F,FRYING PAN - RUEDI RES. NR BASALT,11.8,301.0,90.3,57018.0,4782.0,86.7,2017-03-18T15:39:38.804000
20160506,RURC2L_F,FRYING PAN - RUEDI RES. NR BASALT,11.5,292.0,90.3,55340.0,463.0,85.14,2017-03-18T15:40:05.916000
20160507,RURC2L_F,FRYING PAN - RUEDI RES. NR BASALT,9.6,243.0,90.3,46124.0,-12241.0,83.3,2017-03-18T15:40:34.357000
20160508,RURC2L_F,FRYING PAN - RUEDI RES. NR BASALT,9.4,240.0,90.3,45483.0,-14178.0,82.57,2017-03-18T15:41:02.907000
20160509,RURC2L_F,FRYING PAN - RUEDI RES. NR BASALT,9.6,243.0,90.3,45984.0,-13686.0,84.95,2017-03-18T15:41:32.629000
20160510,RURC2L_F,FRYING PAN - RUEDI RES. NR BASALT,9.6,244.0,90.3,46226.0,-13103.0,81.93,2017-03-18T15:42:02.710000
20160511,RURC2L_F,FRYING PAN - RUEDI RES. NR BASALT,9.6,245.0,90.3,46441.0,-11935.0,80.92,2017-03-18T15:42:32.166000
20160512,RURC2L_F,FRYING PAN - RUEDI RES. NR BASALT,9.5,242.0,90.3,45850.0,-11168.0,80.92,2017-03-18T15:43:00.544000
20160513,RURC2L_F,FRYING PAN - RUEDI RES. NR BASALT,9.3,236.0,90.3,44689.0,-10651.0,80.28,2017-03-18T15:43:28.547000
20160514,RURC2L_F,FRYING PAN - RUEDI RES. NR BASALT,8.9,225.0,90.3,42725.0,-3399.0,77.98,2017-03-18T15:43:56.019000
20160515,RURC2L_F,FRYING PAN - RUEDI RES. NR BASALT,8.3,212.0,90.3,40181.0,-5302.0,75.5,2017-03-18T15:44:23.632000
20160516,RURC2L_F,FRYING PAN - RUEDI RES. NR BASALT,8.0,203.0,90.3,38423.0,-7561.0,74.4,2017-03-18T15:44:51.088000
20160517,RURC2L_F,FRYING PAN - RUEDI RES. NR BASALT,9.8,248.0,90.3,46962.0,736.0,83.21,2017-03-18T15:45:20.106000
20160518,RURC2L_F,FRYING PAN - RUEDI RES. NR BASALT,9.6,243.0,90.3,46100.0,-341.0,81.19,2017-03-18T15:45:47.469000
20160519,RURC2L_F,FRYING PAN - RUEDI RES. NR BASALT,9.5,240.0,90.3,45535.0,-315.0,79.17,2017-03-18T15:46:15.706000
20160520,RURC2L_F,FRYING PAN - RUEDI RES. NR BASALT,9.3,235.0,90.3,44604.0,-85.0,75.23,2017-03-18T15:46:44.162000
20160521,RURC2L_F,FRYING PAN - RUEDI RES. NR BASALT,8.8,223.0,90.3,42202.0,-523.0,70.37,2017-03-18T15:47:11.774000
20160522,RURC2L_F,FRYING PAN - RUEDI RES. NR BASALT,7.9,201.0,90.3,38148.0,-2033.0,67.89,2017-03-18T15:47:40.387000
20160523,RURC2L_F,FRYING PAN - RUEDI RES. NR BASALT,7.3,186.0,90.3,35238.0,-3185.0,66.33,2017-03-18T15:48:08.030000
20160524,RURC2L_F,FRYING PAN - RUEDI RES. NR BASALT,7.1,179.0,90.3,33958.0,-13004.0,64.86,2017-03-18T15:48:36.362000
20160525,RURC2L_F,FRYING PAN - RUEDI RES. NR BASALT,6.7,170.0,90.3,32244.0,-13856.0,63.85,2017-03-18T15:49:04.786000
20160526,RURC2L_F,FRYING PAN - RUEDI RES. NR BASALT,6.4,162.0,90.3,30776.0,-14759.0,62.2,2017-03-18T15:49:34.118000
20160527,RURC2L_F,FRYING PAN - RUEDI RES. NR BASALT,6.3,161.0,90.3,30555.0,-14049.0,63.39,2017-03-18T15:50:01.918000
20160528,RURC2L_F,FRYING PAN - RUEDI RES. NR BASALT,6.4,162.0,90.3,30639.0,-11563.0,62.48,2017-03-18T15:50:30.686000
20160529,RURC2L_F,FRYING PAN - RUEDI RES. NR BASALT,6.2,157.0,90.3,29842.0,-8306.0,61.28,2017-03-18T15:50:58.017000
20160530,RURC2L_F,FRYING PAN - RUEDI RES. NR BASALT,6.0,151.0,90.3,28712.0,-6526.0,60.92,2017-03-18T15:51:25.536000
20160531,RURC2L_F,FRYING PAN - RUEDI RES. NR BASALT,5.7,144.0,90.3,27283.0,-6675.0,60.09,2017-03-18T15:51:52.898000
20160601,RURC2L_F,FRYING PAN - RUEDI RES. NR BASALT,5.4,137.0,90.3,25930.0,-6314.0,58.72,2017-03-18T15:52:20.683000
20160602,RURC2L_F,FRYING PAN - RUEDI RES. NR BASALT,5.1,128.0,90.3,24338.0,-6438.0,57.98,2017-03-18T15:52:47.810000
20160603,RURC2L_F,FRYING PAN - RUEDI RES. NR BASALT,4.6,118.0,90.3,22346.0,-8209.0,56.7,2017-03-18T15:53:14.563000
20160604,RURC2L_F,FRYING PAN - RUEDI RES. NR BASALT,4.1,103.0,90.3,19594.0,-11045.0,53.58,2017-03-18T15:53:41.629000
20160605,RURC2L_F,FRYING PAN - RUEDI RES. NR BASALT,3.6,91.0,90.3,17318.0,-12524.0,51.83,2017-03-18T15:54:08.975000
20160606,RURC2L_F,FRYING PAN - RUEDI RES. NR BASALT,3.1,78.0,90.3,14791.0,-13921.0,49.27,2017-03-18T15:54:36.353000
20160607,RURC2L_F,FRYING PAN - RUEDI RES. NR BASALT,2.9,73.0,90.3,13866.0,-13417.0,47.61,2017-03-18T15:55:04.200000
20160608,RURC2L_F,FRYING PAN - RUEDI RES. NR BASALT,2.4,61.0,90.3,11533.0,-14397.0,45.69,2017-03-18T15:55:29.718000
20160609,RURC2L_F,FRYING PAN - RUEDI RES. NR BASALT,2.1,53.0,90.3,9967.0,-14371.0,42.2,2017-03-18T15:55:54.752000
20160610,RURC2L_F,FRYING PAN - RUEDI RES. NR BASALT,1.7,43.0,90.3,8194.0,-14152.0,38.17,2017-03-18T15:56:19.771000
20160611,RURC2L_F,FRYING PAN - RUEDI RES. NR BASALT,1.4,35.0,90.3,6591.0,-13003.0,35.23,2017-03-18T15:56:46.445000
20160612,RURC2L_F,FRYING PAN - RUEDI RES. NR BASALT,1.1,28.0,90.3,5315.0,-12003.0,32.39,2017-03-18T15:57:13.198000
20160613,RURC2L_F,FRYING PAN - RUEDI RES. NR BASALT,0.9,23.0,90.3,4345.0,-10446.0,29.54,2017-03-18T15:57:40.514000
20160614,RURC2L_F,FRYING PAN - RUEDI RES. NR BASALT,0.8,20.0,90.3,3802.0,-10064.0,28.07,2017-03-18T15:58:07.313000
20160615,RURC2L_F,FRYING PAN - RUEDI RES. NR BASALT,0.7,17.0,90.3,3286.0,-8247.0,25.87,2017-03-18T15:58:34.441000
20160616,RURC2L_F,FRYING PAN - RUEDI RES. NR BASALT,0.5,13.0,90.3,2427.0,-7540.0,22.57,2017-03-18T15:59:01.053000
20160617,RURC2L_F,FRYING PAN - RUEDI RES. NR BASALT,0.4,10.0,90.3,1869.0,-6325.0,17.71,2017-03-18T15:59:28.369000
20160618,RURC2L_F,FRYING PAN - RUEDI RES. NR BASALT,0.3,8.0,90.3,1545.0,-5046.0,16.51,2017-03-18T15:59:55.106000
20160619,RURC2L_F,FRYING PAN - RUEDI RES. NR BASALT,0.3,7.0,90.3,1237.0,-4078.0,14.4,2017-03-18T16:00:20.249000
20160620,RURC2L_F,FRYING PAN - RUEDI RES. NR BASALT,0.2,5.0,90.3,904.0,-3441.0,9.54,2017-03-18T16:00:45.940000
20160621,RURC2L_F,FRYING PAN - RUEDI RES. NR BASALT,0.1,4.0,90.3,722.0,-3080.0,6.79,2017-03-18T16:01:11.255000
20160622,RURC2L_F,FRYING PAN - RUEDI RES. NR BASALT,0.1,3.0,90.3,522.0,-2764.0,6.42,2017-03-18T16:01:37.726000
20160623,RURC2L_F,FRYING PAN - RUEDI RES. NR BASALT,0.1,2.0,90.3,415.0,-2012.0,4.95,2017-03-18T16:02:03.682000
20160624,RURC2L_F,FRYING PAN - RUEDI RES. NR BASALT,0.1,2.0,90.3,334.0,-1535.0,4.4,2017-03-18T16:02:30.076000
20160625,RURC2L_F,FRYING PAN - RUEDI RES. NR BASALT,0.1,1.0,90.3,245.0,-1300.0,4.4,2017-03-18T16:02:56.329000
20160626,RURC2L_F,FRYING PAN - RUEDI RES. NR BASALT,0.0,1.0,90.3,168.0,-1069.0,2.75,2017-03-18T16:03:22.925000
20160627,RURC2L_F,FRYING PAN - RUEDI RES. NR BASALT,0.0,1.0,90.3,128.0,-776.0,2.11,2017-03-18T16:03:50.272000
20160628,RURC2L_F,FRYING PAN - RUEDI RES. NR BASALT,0.0,1.0,90.3,100.0,-622.0,1.56,2017-03-18T16:04:16.572000
20160629,RURC2L_F,FRYING PAN - RUEDI RES. NR BASALT,0.0,0.0,90.3,78.0,-444.0,1.01,2017-03-18T16:04:41.981000
20160630,RURC2L_F,FRYING PAN - RUEDI RES. NR BASALT,0.0,0.0,90.3,66.0,-349.0,0.83,2017-03-18T16:05:08.718000
20160701,RURC2L_F,FRYING PAN - RUEDI RES. NR BASALT,0.0,0.0,90.3,59.0,-275.0,0.83,2017-03-18T16:05:35.221000
20160702,RURC2L_F,FRYING PAN - RUEDI RES. NR BASALT,0.0,0.0,90.3,57.0,-188.0,0.83,2017-03-18T16:06:01.458000
20160703,RURC2L_F,FRYING PAN - RUEDI RES. NR BASALT,0.0,0.0,90.3,51.0,-117.0,0.83,2017-03-18T16:06:27.789000
20160704,RURC2L_F,FRYING PAN - RUEDI RES. NR BASALT,0.0,0.0,90.3,46.0,-82.0,0.83,2017-03-18T16:06:55.448000
20160705,RURC2L_F,FRYING PAN - RUEDI RES. NR BASALT,0.0,0.0,90.3,36.0,-64.0,0.83,2017-03-18T16:07:22.420000
20160706,RURC2L_F,FRYING PAN - RUEDI RES. NR BASALT,0.0,0.0,90.3,20.0,-58.0,0.83,2017-03-18T16:07:47.922000
20160707,RURC2L_F,FRYING PAN - RUEDI RES. NR BASALT,0.0,0.0,90.3,0.0,-66.0,0.18,2017-03-18T16:08:13.488000
20160708,RURC2L_F,FRYING PAN - RUEDI RES. NR BASALT,0.0,0.0,90.3,0.0,-59.0,0.0,2017-03-18T16:08:40.287000
20160709,RURC2L_F,FRYING PAN - RUEDI RES. NR BASALT,0.0,0.0,90.3,0.0,-57.0,0.0,2017-03-18T16:09:06.915000
20160710,RURC2L_F,FRYING PAN - RUEDI RES. NR BASALT,0.0,0.0,90.3,0.0,-51.0,0.0,2017-03-18T16:09:32.715000
20160711,RURC2L_F,FRYING PAN - RUEDI RES. NR BASALT,0.0,0.0,90.3,0.0,-46.0,0.0,2017-03-18T16:09:57.764000
20160712,RURC2L_F,FRYING PAN - RUEDI RES. NR BASALT,0.0,0.0,90.3,0.0,-36.0,0.0,2017-03-18T16:10:23.814000
20160713,RURC2L_F,FRYING PAN - RUEDI RES. NR BASALT,0.0,0.0,90.3,0.0,-20.0,0.0,2017-03-18T16:10:49.989000
20160714,RURC2L_F,FRYING PAN - RUEDI RES. NR BASALT,0.0,0.0,90.3,0.0,0.0,0.0,2017-03-18T16:11:16.257000
20160715,RURC2L_F,FRYING PAN - RUEDI RES. NR BASALT,0.0,0.0,90.3,0.0,0.0,0.0,2017-03-18T16:11:43.385000
20160716,RURC2L_F,FRYING PAN - RUEDI RES. NR BASALT,0.0,0.0,90.3,0.0,0.0,0.0,2017-03-18T16:12:09.044000
20160717,RURC2L_F,FRYING PAN - RUEDI RES. NR BASALT,0.0,0.0,90.3,0.0,0.0,0.0,2017-03-18T16:12:34.875000
20160718,RURC2L_F,FRYING PAN - RUEDI RES. NR BASALT,0.0,0.0,90.3,0.0,0.0,0.0,2017-03-18T16:13:01.737000
20160719,RURC2L_F,FRYING PAN - RUEDI RES. NR BASALT,0.0,0.0,90.3,0.0,0.0,0.0,2017-03-18T16:13:28.396000
20160720,RURC2L_F,FRYING PAN - RUEDI RES. NR BASALT,0.0,0.0,90.3,0.0,0.0,0.0,2017-03-18T16:13:54.383000
20160721,RURC2L_F,FRYING PAN - RUEDI RES. NR BASALT,0.0,0.0,90.3,0.0,0.0,0.0,2017-03-18T16:14:19.917000
20160722,RURC2L_F,FRYING PAN - RUEDI RES. NR BASALT,0.0,0.0,90.3,0.0,0.0,0.0,2017-03-18T16:14:45.358000
20160723,RURC2L_F,FRYING PAN - RUEDI RES. NR BASALT,0.0,0.0,90.3,0.0,0.0,0.0,2017-03-18T16:15:11.751000
20160724,RURC2L_F,FRYING PAN - RUEDI RES. NR BASALT,0.0,0.0,90.3,0.0,0.0,0.0,2017-03-18T16:15:38.285000
20160725,RURC2L_F,FRYING PAN - RUEDI RES. NR BASALT,0.0,0.0,90.3,0.0,0.0,0.0,2017-03-18T16:16:03.491000
20160726,RURC2L_F,FRYING PAN - RUEDI RES. NR BASALT,0.0,0.0,90.3,0.0,0.0,0.0,2017-03-18T16:16:29.041000
20160727,RURC2L_F,FRYING PAN - RUEDI RES. NR BASALT,0.0,0.0,90.3,0.0,0.0,0.0,2017-03-18T16:16:56.184000
20160728,RURC2L_F,FRYING PAN - RUEDI RES. NR BASALT,0.0,0.0,90.3,0.0,0.0,0.0,2017-03-18T16:17:23.124000
20160729,RURC2L_F,FRYING PAN - RUEDI RES. NR BASALT,0.0,0.0,90.3,0.0,0.0,0.0,2017-03-18T16:17:49.862000
20160730,RURC2L_F,FRYING PAN - RUEDI RES. NR BASALT,0.0,0.0,90.3,0.0,0.0,0.0,2017-03-18T16:18:15.255000
20160731,RURC2L_F,FRYING PAN - RUEDI RES. NR BASALT,0.0,0.0,90.3,0.0,0.0,0.0,2017-03-18T16:18:40.883000
20160801,RURC2L_F,FRYING PAN - RUEDI RES. NR BASALT,0.0,0.0,90.3,0.0,0.0,0.0,2017-03-18T16:19:06.917000
20160802,RURC2L_F,FRYING PAN - RUEDI RES. NR BASALT,0.0,0.0,90.3,0.0,0.0,0.0,2017-03-18T16:19:32.951000
20160803,RURC2L_F,FRYING PAN - RUEDI RES. NR BASALT,0.0,0.0,90.3,0.0,0.0,0.0,2017-03-18T16:19:58.938000
20160804,RURC2L_F,FRYING PAN - RUEDI RES. NR BASALT,0.0,0.0,90.3,0.0,0.0,0.0,2017-03-18T16:20:25.191000
20160805,RURC2L_F,FRYING PAN - RUEDI RES. NR BASALT,0.0,0.0,90.3,0.0,0.0,0.0,2017-03-18T16:20:51.959000
20160806,RURC2L_F,FRYING PAN - RUEDI RES. NR BASALT,0.0,0.0,90.3,0.0,0.0,0.0,2017-03-18T16:21:17.618000
20160807,RURC2L_F,FRYING PAN - RUEDI RES. NR BASALT,0.0,0.0,90.3,0.0,0.0,0.0,2017-03-18T16:21:44.199000
20160808,RURC2L_F,FRYING PAN - RUEDI RES. NR BASALT,0.0,0.0,90.3,0.0,0.0,0.0,2017-03-18T16:22:11.046000
20160809,RURC2L_F,FRYING PAN - RUEDI RES. NR BASALT,0.0,0.0,90.3,0.0,0.0,0.0,2017-03-18T16:22:38.611000
20160810,RURC2L_F,FRYING PAN - RUEDI RES. NR BASALT,0.0,0.0,90.3,0.0,0.0,0.0,2017-03-18T16:23:04.708000
20160811,RURC2L_F,FRYING PAN - RUEDI RES. NR BASALT,0.0,0.0,90.3,0.0,0.0,0.0,2017-03-18T16:23:31.070000
20160812,RURC2L_F,FRYING PAN - RUEDI RES. NR BASALT,0.0,0.0,90.3,0.0,0.0,0.0,2017-03-18T16:23:57.870000
20160813,RURC2L_F,FRYING PAN - RUEDI RES. NR BASALT,0.0,0.0,90.3,0.0,0.0,0.0,2017-03-18T16:24:23.982000
20160814,RURC2L_F,FRYING PAN - RUEDI RES. NR BASALT,0.0,0.0,90.3,0.0,0.0,0.0,2017-03-18T16:24:50.500000
20160815,RURC2L_F,FRYING PAN - RUEDI RES. NR BASALT,0.0,0.0,90.3,0.0,0.0,0.0,2017-03-18T16:25:16.269000
20160816,RURC2L_F,FRYING PAN - RUEDI RES. NR BASALT,0.0,0.0,90.3,0.0,0.0,0.0,2017-03-18T16:25:43.647000
20160817,RURC2L_F,FRYING PAN - RUEDI RES. NR BASALT,0.0,0.0,90.3,0.0,0.0,0.0,2017-03-18T16:26:10.275000
20160818,RURC2L_F,FRYING PAN - RUEDI RES. NR BASALT,0.0,0.0,90.3,0.0,0.0,0.0,2017-03-18T16:26:37.387000
20160819,RURC2L_F,FRYING PAN - RUEDI RES. NR BASALT,0.0,0.0,90.3,0.0,0.0,0.0,2017-03-18T16:27:04.124000
20160820,RURC2L_F,FRYING PAN - RUEDI RES. NR BASALT,0.0,0.0,90.3,0.0,0.0,0.0,2017-03-18T16:27:30.017000
20160821,RURC2L_F,FRYING PAN - RUEDI RES. NR BASALT,0.0,0.0,90.3,0.0,0.0,0.0,2017-03-18T16:27:56.317000
20160822,RURC2L_F,FRYING PAN - RUEDI RES. NR BASALT,0.0,0.0,90.3,0.0,0.0,0.0,2017-03-18T16:28:22.445000
20160823,RURC2L_F,FRYING PAN - RUEDI RES. NR BASALT,0.0,0.0,90.3,0.0,0.0,0.0,2017-03-18T16:28:48.729000
20160824,RURC2L_F,FRYING PAN - RUEDI RES. NR BASALT,0.0,0.0,90.3,0.0,0.0,0.0,2017-03-18T16:29:13.716000
20160825,RURC2L_F,FRYING PAN - RUEDI RES. NR BASALT,0.0,0.0,90.3,0.0,0.0,0.0,2017-03-18T16:29:41.688000
20160826,RURC2L_F,FRYING PAN - RUEDI RES. NR BASALT,0.0,0.0,90.3,19.0,19.0,5.5,2017-03-18T16:30:07.597000
20160827,RURC2L_F,FRYING PAN - RUEDI RES. NR BASALT,0.0,0.0,90.3,0.0,0.0,0.0,2017-03-18T16:30:33.553000
20160828,RURC2L_F,FRYING PAN - RUEDI RES. NR BASALT,0.0,0.0,90.3,0.0,0.0,0.0,2017-03-18T16:30:59.727000
20160829,RURC2L_F,FRYING PAN - RUEDI RES. NR BASALT,0.0,0.0,90.3,0.0,0.0,0.0,2017-03-18T16:31:26.121000
20160830,RURC2L_F,FRYING PAN - RUEDI RES. NR BASALT,0.0,0.0,90.3,0.0,0.0,0.0,2017-03-18T16:31:52.342000
20160831,RURC2L_F,FRYING PAN - RUEDI RES. NR BASALT,0.0,0.0,90.3,0.0,0.0,0.0,2017-03-18T16:32:18.142000
20160901,RURC2L_F,FRYING PAN - RUEDI RES. NR BASALT,0.0,0.0,90.3,0.0,0.0,0.0,2017-03-18T16:32:44.645000
20160902,RURC2L_F,FRYING PAN - RUEDI RES. NR BASALT,0.0,0.0,90.3,0.0,-19.0,0.0,2017-03-18T16:33:11.398000
20160903,RURC2L_F,FRYING PAN - RUEDI RES. NR BASALT,0.0,0.0,90.3,0.0,0.0,0.0,2017-03-18T16:33:37.947000
20160904,RURC2L_F,FRYING PAN - RUEDI RES. NR BASALT,0.0,0.0,90.3,0.0,0.0,0.0,2017-03-18T16:34:04.685000
20160905,RURC2L_F,FRYING PAN - RUEDI RES. NR BASALT,0.0,0.0,90.3,0.0,0.0,0.0,2017-03-18T16:34:31.703000
20160906,RURC2L_F,FRYING PAN - RUEDI RES. NR BASALT,0.0,0.0,90.3,0.0,0.0,0.0,2017-03-18T16:34:57.784000
20160907,RURC2L_F,FRYING PAN - RUEDI RES. NR BASALT,0.0,0.0,90.3,0.0,0.0,0.0,2017-03-18T16:35:23.521000
20160908,RURC2L_F,FRYING PAN - RUEDI RES. NR BASALT,0.0,0.0,90.3,0.0,0.0,0.0,2017-03-18T16:35:49.211000
20160909,RURC2L_F,FRYING PAN - RUEDI RES. NR BASALT,0.0,0.0,90.3,0.0,0.0,0.0,2017-03-18T16:36:15.058000
20160910,RURC2L_F,FRYING PAN - RUEDI RES. NR BASALT,0.0,0.0,90.3,0.0,0.0,0.0,2017-03-18T16:36:41.326000
20160911,RURC2L_F,FRYING PAN - RUEDI RES. NR BASALT,0.0,0.0,90.3,0.0,0.0,0.0,2017-03-18T16:37:07.626000
20160912,RURC2L_F,FRYING PAN - RUEDI RES. NR BASALT,0.0,0.0,90.3,0.0,0.0,0.0,2017-03-18T16:37:33.598000
20160913,RURC2L_F,FRYING PAN - RUEDI RES. NR BASALT,0.0,0.0,90.3,0.0,0.0,0.0,2017-03-18T16:37:59.788000
20160914,RURC2L_F,FRYING PAN - RUEDI RES. NR BASALT,0.0,0.0,90.3,0.0,0.0,0.0,2017-03-18T16:38:26.760000
20160915,RURC2L_F,FRYING PAN - RUEDI RES. NR BASALT,0.0,0.0,90.3,0.0,0.0,0.0,2017-03-18T16:38:52.919000
20160916,RURC2L_F,FRYING PAN - RUEDI RES. NR BASALT,0.0,0.0,90.3,0.0,0.0,0.0,2017-03-18T16:39:19.218000
20160917,RURC2L_F,FRYING PAN - RUEDI RES. NR BASALT,0.0,0.0,90.3,0.0,0.0,0.0,2017-03-18T16:39:46.018000
20160918,RURC2L_F,FRYING PAN - RUEDI RES. NR BASALT,0.0,0.0,90.3,0.0,0.0,0.0,2017-03-18T16:40:12.552000
20160919,RURC2L_F,FRYING PAN - RUEDI RES. NR BASALT,0.0,0.0,90.3,0.0,0.0,0.0,2017-03-18T16:40:39.258000
20160920,RURC2L_F,FRYING PAN - RUEDI RES. NR BASALT,0.0,0.0,90.3,0.0,0.0,0.0,2017-03-18T16:41:04.730000
20160921,RURC2L_F,FRYING PAN - RUEDI RES. NR BASALT,0.0,0.0,90.3,0.0,0.0,0.0,2017-03-18T16:41:30.232000
20160922,RURC2L_F,FRYING PAN - RUEDI RES. NR BASALT,0.0,0.0,90.3,0.0,0.0,0.0,2017-03-18T16:41:56.219000
20160923,RURC2L_F,FRYING PAN - RUEDI RES. NR BASALT,0.0,0.0,90.3,0.0,0.0,0.0,2017-03-18T16:42:23.254000
20160924,RURC2L_F,FRYING PAN - RUEDI RES. NR BASALT,0.0,0.0,90.3,16.0,16.0,8.35,2017-03-18T16:42:50.038000
20160925,RURC2L_F,FRYING PAN - RUEDI RES. NR BASALT,0.0,1.0,90.3,222.0,222.0,66.61,2017-03-18T16:43:16.166000
20160926,RURC2L_F,FRYING PAN - RUEDI RES. NR BASALT,0.0,0.0,90.3,40.0,40.0,16.42,2017-03-18T16:43:42.090000
20160927,RURC2L_F,FRYING PAN - RUEDI RES. NR BASALT,0.0,0.0,90.3,0.0,0.0,0.0,2017-03-18T16:44:08.140000
20160928,RURC2L_F,FRYING PAN - RUEDI RES. NR BASALT,0.0,0.0,90.3,0.0,0.0,0.0,2017-03-18T16:44:32.814000
20160929,RURC2L_F,FRYING PAN - RUEDI RES. NR BASALT,0.0,0.0,90.3,0.0,0.0,0.0,2017-03-18T16:44:57.739000
20160930,RURC2L_F,FRYING PAN - RUEDI RES. NR BASALT,0.0,0.0,90.3,0.0,0.0,0.0,2017-03-18T16:45:22.038000
20161001,RURC2L_F,FRYING PAN - RUEDI RES. NR BASALT,0.0,0.0,90.3,0.0,-16.0,0.0,2017-03-18T16:45:47.994000
20161002,RURC2L_F,FRYING PAN - RUEDI RES. NR BASALT,0.0,0.0,90.3,0.0,-222.0,0.0,2017-03-18T16:46:14.294000
20161003,RURC2L_F,FRYING PAN - RUEDI RES. NR BASALT,0.0,0.0,90.3,0.0,-40.0,0.0,2017-03-18T16:46:40.281000
20161004,RURC2L_F,FRYING PAN - RUEDI RES. NR BASALT,0.0,0.0,90.3,0.0,0.0,0.0,2017-03-18T16:47:09.269000
20161005,RURC2L_F,FRYING PAN - RUEDI RES. NR BASALT,0.0,0.0,90.3,0.0,0.0,0.0,2017-03-18T16:47:36.350000
20161006,RURC2L_F,FRYING PAN - RUEDI RES. NR BASALT,0.0,0.0,90.3,0.0,0.0,0.0,2017-03-18T16:48:03.165000
20161007,RURC2L_F,FRYING PAN - RUEDI RES. NR BASALT,0.3,7.0,90.3,1302.0,1302.0,100.0,2017-03-18T16:48:31.402000
20161008,RURC2L_F,FRYING PAN - RUEDI RES. NR BASALT,0.1,4.0,90.3,713.0,713.0,79.36,2017-03-18T16:49:00.062000
20161009,RURC2L_F,FRYING PAN - RUEDI RES. NR BASALT,0.1,1.0,90.3,276.0,276.0,45.6,2017-03-18T16:49:27.565000
20161010,RURC2L_F,FRYING PAN - RUEDI RES. NR BASALT,0.0,0.0,90.3,56.0,56.0,16.42,2017-03-18T16:49:55.083000
20161011,RURC2L_F,FRYING PAN - RUEDI RES. NR BASALT,0.0,0.0,90.3,0.0,0.0,0.0,2017-03-18T16:50:21.461000
20161012,RURC2L_F,FRYING PAN - RUEDI RES. NR BASALT,0.0,0.0,90.3,0.0,0.0,0.0,2017-03-18T16:50:47.807000
20161013,RURC2L_F,FRYING PAN - RUEDI RES. NR BASALT,0.0,0.0,90.3,0.0,0.0,0.0,2017-03-18T16:51:15.904000
20161014,RURC2L_F,FRYING PAN - RUEDI RES. NR BASALT,0.0,0.0,90.3,0.0,-1302.0,0.0,2017-03-18T16:51:43.110000
20161015,RURC2L_F,FRYING PAN - RUEDI RES. NR BASALT,0.0,0.0,90.3,0.0,-713.0,0.0,2017-03-18T16:52:09.347000
20161016,RURC2L_F,FRYING PAN - RUEDI RES. NR BASALT,0.0,0.0,90.3,0.0,-276.0,0.0,2017-03-18T16:52:35.585000
20161017,RURC2L_F,FRYING PAN - RUEDI RES. NR BASALT,0.0,0.0,90.3,0.0,-56.0,0.0,2017-03-18T16:53:01.978000
20161018,RURC2L_F,FRYING PAN - RUEDI RES. NR BASALT,0.0,0.0,90.3,0.0,0.0,0.0,2017-03-18T16:53:30.294000
20161019,RURC2L_F,FRYING PAN - RUEDI RES. NR BASALT,0.0,0.0,90.3,0.0,0.0,0.0,2017-03-18T16:53:57.297000
20161020,RURC2L_F,FRYING PAN - RUEDI RES. NR BASALT,0.0,1.0,90.3,219.0,219.0,71.83,2017-03-18T16:54:24.800000
20161021,RURC2L_F,FRYING PAN - RUEDI RES. NR BASALT,0.0,0.0,90.3,10.0,10.0,5.32,2017-03-18T16:54:51.318000
20161022,RURC2L_F,FRYING PAN - RUEDI RES. NR BASALT,0.0,0.0,90.3,0.0,0.0,0.0,2017-03-18T16:55:17.493000
20161023,RURC2L_F,FRYING PAN - RUEDI RES. NR BASALT,0.0,0.0,90.3,0.0,0.0,0.0,2017-03-18T16:55:44.714000
20161024,RURC2L_F,FRYING PAN - RUEDI RES. NR BASALT,0.0,0.0,90.3,0.0,0.0,0.0,2017-03-18T16:56:11.561000
20161025,RURC2L_F,FRYING PAN - RUEDI RES. NR BASALT,0.0,0.0,90.3,0.0,0.0,0.0,2017-03-18T16:56:37.142000
20161026,RURC2L_F,FRYING PAN - RUEDI RES. NR BASALT,0.0,0.0,90.3,44.0,44.0,17.16,2017-03-18T16:57:05.285000
20161027,RURC2L_F,FRYING PAN - RUEDI RES. NR BASALT,0.0,0.0,90.3,0.0,-219.0,0.0,2017-03-18T16:57:31.288000
20161028,RURC2L_F,FRYING PAN - RUEDI RES. NR BASALT,0.0,0.0,90.3,0.0,-10.0,0.0,2017-03-18T16:57:57.697000
20161029,RURC2L_F,FRYING PAN - RUEDI RES. NR BASALT,0.0,0.0,90.3,0.0,0.0,0.0,2017-03-18T16:58:23.763000
20161030,RURC2L_F,FRYING PAN - RUEDI RES. NR BASALT,0.0,0.0,90.3,0.0,0.0,0.0,2017-03-18T16:58:49.281000
20161031,RURC2L_F,FRYING PAN - RUEDI RES. NR BASALT,0.0,0.0,90.3,0.0,0.0,0.0,2017-03-18T16:59:15.299000
20161101,RURC2L_F,FRYING PAN - RUEDI RES. NR BASALT,0.0,0.0,90.3,0.0,0.0,0.0,2017-03-18T16:59:42.037000
20161102,RURC2L_F,FRYING PAN - RUEDI RES. NR BASALT,0.0,0.0,90.3,0.0,-44.0,0.0,2017-03-18T17:00:09.039000
20161103,RURC2L_F,FRYING PAN - RUEDI RES. NR BASALT,0.0,0.0,90.3,70.0,70.0,36.97,2017-03-18T17:00:35.745000
20161104,RURC2L_F,FRYING PAN - RUEDI RES. NR BASALT,0.0,0.0,90.3,4.0,4.0,1.93,2017-03-18T17:01:01.748000
20161105,RURC2L_F,FRYING PAN - RUEDI RES. NR BASALT,0.0,0.0,90.3,0.0,0.0,0.0,2017-03-18T17:01:28.126000
20161106,RURC2L_F,FRYING PAN - RUEDI RES. NR BASALT,0.0,0.0,90.3,41.0,41.0,18.44,2017-03-18T17:01:54.051000
20161107,RURC2L_F,FRYING PAN - RUEDI RES. NR BASALT,0.0,0.0,90.3,42.0,42.0,18.44,2017-03-18T17:02:19.882000
20161108,RURC2L_F,FRYING PAN - RUEDI RES. NR BASALT,0.0,0.0,90.3,39.0,39.0,15.6,2017-03-18T17:02:46.009000
20161109,RURC2L_F,FRYING PAN - RUEDI RES. NR BASALT,0.0,0.0,90.3,19.0,19.0,8.17,2017-03-18T17:03:12.043000
20161110,RURC2L_F,FRYING PAN - RUEDI RES. NR BASALT,0.0,0.0,90.3,8.0,-62.0,4.04,2017-03-18T17:03:37.265000
20161111,RURC2L_F,FRYING PAN - RUEDI RES. NR BASALT,0.0,0.0,90.3,0.0,-4.0,0.0,2017-03-18T17:04:02.049000
20161112,RURC2L_F,FRYING PAN - RUEDI RES. NR BASALT,0.0,0.0,90.3,0.0,0.0,0.0,2017-03-18T17:04:27.395000
20161113,RURC2L_F,FRYING PAN - RUEDI RES. NR BASALT,0.0,0.0,90.3,0.0,-41.0,0.0,2017-03-18T17:04:52.257000
20161114,RURC2L_F,FRYING PAN - RUEDI RES. NR BASALT,0.0,0.0,90.3,0.0,-42.0,0.0,2017-03-18T17:05:17.244000
20161115,RURC2L_F,FRYING PAN - RUEDI RES. NR BASALT,0.0,0.0,90.3,0.0,-39.0,0.0,2017-03-18T17:05:42.403000
20161116,RURC2L_F,FRYING PAN - RUEDI RES. NR BASALT,0.0,0.0,90.3,0.0,-19.0,0.0,2017-03-18T17:06:08.187000
20161117,RURC2L_F,FRYING PAN - RUEDI RES. NR BASALT,0.0,0.0,90.3,0.0,-8.0,0.0,2017-03-18T17:06:35.534000
20161118,RURC2L_F,FRYING PAN - RUEDI RES. NR BASALT,0.3,8.0,90.3,1572.0,1572.0,100.0,2017-03-18T17:07:06.287000
20161119,RURC2L_F,FRYING PAN - RUEDI RES. NR BASALT,0.4,9.0,90.3,1749.0,1749.0,100.0,2017-03-18T17:07:37.775000
20161120,RURC2L_F,FRYING PAN - RUEDI RES. NR BASALT,0.2,6.0,90.3,1185.0,1185.0,97.98,2017-03-18T17:08:09.903000
20161121,RURC2L_F,FRYING PAN - RUEDI RES. NR BASALT,0.1,3.0,90.3,606.0,606.0,68.9,2017-03-18T17:08:43.032000
20161122,RURC2L_F,FRYING PAN - RUEDI RES. NR BASALT,0.5,13.0,90.3,2402.0,2402.0,98.62,2017-03-18T17:09:16.582000
20161123,RURC2L_F,FRYING PAN - RUEDI RES. NR BASALT,1.0,25.0,90.3,4810.0,4810.0,100.0,2017-03-18T17:09:49.180000
20161124,RURC2L_F,FRYING PAN - RUEDI RES. NR BASALT,0.7,17.0,90.3,3284.0,3284.0,100.0,2017-03-18T17:10:22.293000
20161125,RURC2L_F,FRYING PAN - RUEDI RES. NR BASALT,0.9,24.0,90.3,4555.0,2983.0,100.0,2017-03-18T17:10:55.280000
20161126,RURC2L_F,FRYING PAN - RUEDI RES. NR BASALT,0.9,23.0,90.3,4337.0,2588.0,100.0,2017-03-18T17:11:27.112000
20161127,RURC2L_F,FRYING PAN - RUEDI RES. NR BASALT,0.8,21.0,90.3,4053.0,2868.0,100.0,2017-03-18T17:11:59.631000
20161128,RURC2L_F,FRYING PAN - RUEDI RES. NR BASALT,1.4,35.0,90.3,6663.0,6057.0,100.0,2017-03-18T17:12:33.932000
20161129,RURC2L_F,FRYING PAN - RUEDI RES. NR BASALT,1.7,44.0,90.3,8338.0,5936.0,100.0,2017-03-18T17:13:08.576000
20161130,RURC2L_F,FRYING PAN - RUEDI RES. NR BASALT,1.8,46.0,90.3,8626.0,3816.0,100.0,2017-03-18T17:13:42.017000
20161201,RURC2L_F,FRYING PAN - RUEDI RES. NR BASALT,1.8,45.0,90.3,8567.0,5283.0,100.0,2017-03-18T17:14:16.005000
20161202,RURC2L_F,FRYING PAN - RUEDI RES. NR BASALT,1.8,45.0,90.3,8602.0,4047.0,100.0,2017-03-18T17:14:48.962000
20161203,RURC2L_F,FRYING PAN - RUEDI RES. NR BASALT,1.5,39.0,90.3,7322.0,2985.0,100.0,2017-03-18T17:15:23.543000
20161204,RURC2L_F,FRYING PAN - RUEDI RES. NR BASALT,1.5,38.0,90.3,7293.0,3240.0,100.0,2017-03-18T17:15:58.875000
20161205,RURC2L_F,FRYING PAN - RUEDI RES. NR BASALT,1.5,37.0,90.3,7091.0,428.0,100.0,2017-03-18T17:16:36.270000
20161206,RURC2L_F,FRYING PAN - RUEDI RES. NR BASALT,1.6,40.0,90.3,7577.0,-761.0,100.0,2017-03-18T17:17:12.946000
20161207,RURC2L_F,FRYING PAN - RUEDI RES. NR BASALT,1.7,42.0,90.3,7991.0,-635.0,100.0,2017-03-18T17:17:48.684000
20161208,RURC2L_F,FRYING PAN - RUEDI RES. NR BASALT,1.9,48.0,90.3,9088.0,521.0,100.0,2017-03-18T17:18:22.813000
20161209,RURC2L_F,FRYING PAN - RUEDI RES. NR BASALT,1.9,48.0,90.3,9042.0,440.0,100.0,2017-03-18T17:18:57.598000
20161210,RURC2L_F,FRYING PAN - RUEDI RES. NR BASALT,2.5,62.0,90.3,11826.0,4504.0,100.0,2017-03-18T17:19:34.117000
20161211,RURC2L_F,FRYING PAN - RUEDI RES. NR BASALT,2.4,62.0,90.3,11658.0,4365.0,100.0,2017-03-18T17:20:11.418000
20161212,RURC2L_F,FRYING PAN - RUEDI RES. NR BASALT,3.0,76.0,90.3,14351.0,7260.0,100.0,2017-03-18T17:20:47.734000
20161213,RURC2L_F,FRYING PAN - RUEDI RES. NR BASALT,3.1,80.0,90.3,15139.0,7562.0,100.0,2017-03-18T17:21:24.113000
20161214,RURC2L_F,FRYING PAN - RUEDI RES. NR BASALT,3.1,78.0,90.3,14822.0,6831.0,100.0,2017-03-18T17:21:59.914000
20161215,RURC2L_F,FRYING PAN - RUEDI RES. NR BASALT,3.2,81.0,90.3,15334.0,6246.0,100.0,2017-03-18T17:22:36.684000
20161216,RURC2L_F,FRYING PAN - RUEDI RES. NR BASALT,3.3,83.0,90.3,15804.0,6762.0,100.0,2017-03-18T17:23:14.391000
20161217,RURC2L_F,FRYING PAN - RUEDI RES. NR BASALT,4.5,113.0,90.3,21494.0,9668.0,100.0,2017-03-18T17:23:53.489000
20161218,RURC2L_F,FRYING PAN - RUEDI RES. NR BASALT,5.0,127.0,90.3,23979.0,12321.0,100.0,2017-03-18T17:24:32.790000
20161219,RURC2L_F,FRYING PAN - RUEDI RES. NR BASALT,5.0,127.0,90.3,23979.0,9628.0,100.0,2017-03-18T17:25:12.153000
20161220,RURC2L_F,FRYING PAN - RUEDI RES. NR BASALT,4.9,125.0,90.3,23621.0,8482.0,100.0,2017-03-18T17:25:52.095000
20161221,RURC2L_F,FRYING PAN - RUEDI RES. NR BASALT,4.8,123.0,90.3,23314.0,8492.0,100.0,2017-03-18T17:26:33.724000
20161222,RURC2L_F,FRYING PAN - RUEDI RES. NR BASALT,4.8,122.0,90.3,23081.0,7747.0,100.0,2017-03-18T17:27:12.166000
20161223,RURC2L_F,FRYING PAN - RUEDI RES. NR BASALT,5.2,131.0,90.3,24877.0,9073.0,100.0,2017-03-18T17:27:50.639000
20161224,RURC2L_F,FRYING PAN - RUEDI RES. NR BASALT,5.3,134.0,90.3,25426.0,3932.0,100.0,2017-03-18T17:28:31.612000
20161225,RURC2L_F,FRYING PAN - RUEDI RES. NR BASALT,5.2,133.0,90.3,25142.0,1163.0,100.0,2017-03-18T17:29:14.523000
20161226,RURC2L_F,FRYING PAN - RUEDI RES. NR BASALT,5.4,137.0,90.3,25970.0,1991.0,100.0,2017-03-18T17:29:56.965000
20161227,RURC2L_F,FRYING PAN - RUEDI RES. NR BASALT,5.4,137.0,90.3,25933.0,2312.0,100.0,2017-03-18T17:30:36.563000
20161228,RURC2L_F,FRYING PAN - RUEDI RES. NR BASALT,5.3,135.0,90.3,25532.0,2218.0,100.0,2017-03-18T17:31:15.286000
20161229,RURC2L_F,FRYING PAN - RUEDI RES. NR BASALT,5.3,133.0,90.3,25286.0,2205.0,100.0,2017-03-18T17:31:52.321000
20161230,RURC2L_F,FRYING PAN - RUEDI RES. NR BASALT,5.2,132.0,90.3,25110.0,233.0,100.0,2017-03-18T17:32:30.778000
20161231,RURC2L_F,FRYING PAN - RUEDI RES. NR BASALT,5.1,131.0,90.3,24756.0,-670.0,100.0,2017-03-18T17:33:09.236000
20170101,RURC2L_F,FRYING PAN - RUEDI RES. NR BASALT,5.1,130.0,90.3,24608.0,-534.0,100.0,2017-03-20T09:23:29.642000
20170102,RURC2L_F,FRYING PAN - RUEDI RES. NR BASALT,5.1,129.0,90.3,24521.0,-1449.0,100.0,2017-03-20T09:24:10.554000
20170103,RURC2L_F,FRYING PAN - RUEDI RES. NR BASALT,5.3,134.0,90.3,25311.0,-622.0,100.0,2017-03-20T09:24:47.907000
20170104,RURC2L_F,FRYING PAN - RUEDI RES. NR BASALT,5.7,145.0,90.3,27566.0,2034.0,100.0,2017-03-20T09:25:24.642000
20170105,RURC2L_F,FRYING PAN - RUEDI RES. NR BASALT,6.6,167.0,90.3,31640.0,6354.0,100.0,2017-03-20T09:26:01.892000
20170106,RURC2L_F,FRYING PAN - RUEDI RES. NR BASALT,7.7,196.0,90.3,37081.0,11971.0,100.0,2017-03-20T09:26:40.600000
20170107,RURC2L_F,FRYING PAN - RUEDI RES. NR BASALT,7.2,183.0,90.3,34642.0,9886.0,100.0,2017-03-20T09:27:20.771000
20170108,RURC2L_F,FRYING PAN - RUEDI RES. NR BASALT,7.2,183.0,90.3,34705.0,10097.0,100.0,2017-03-20T09:28:01.914000
20170109,RURC2L_F,FRYING PAN - RUEDI RES. NR BASALT,7.6,194.0,90.3,36718.0,12197.0,100.0,2017-03-20T09:28:45.731000
20170110,RURC2L_F,FRYING PAN - RUEDI RES. NR BASALT,9.0,229.0,90.3,43421.0,18110.0,100.0,2017-03-20T09:29:27.958000
20170111,RURC2L_F,FRYING PAN - RUEDI RES. NR BASALT,9.3,235.0,90.3,44563.0,16997.0,100.0,2017-03-20T09:30:10.572000
20170112,RURC2L_F,FRYING PAN - RUEDI RES. NR BASALT,10.0,255.0,90.3,48341.0,16701.0,100.0,2017-03-20T09:30:48.649000
20170113,RURC2L_F,FRYING PAN - RUEDI RES. NR BASALT,9.8,250.0,90.3,47400.0,10319.0,100.0,2017-03-20T09:31:25.784000
20170114,RURC2L_F,FRYING PAN - RUEDI RES. NR BASALT,10.1,257.0,90.3,48777.0,14135.0,100.0,2017-03-20T09:32:02.259000
20170115,RURC2L_F,FRYING PAN - RUEDI RES. NR BASALT,10.3,261.0,90.3,49456.0,14751.0,100.0,2017-03-20T09:32:40.674000
20170116,RURC2L_F,FRYING PAN - RUEDI RES. NR BASALT,10.4,264.0,90.3,50025.0,13307.0,100.0,2017-03-20T09:33:19.601000
20170117,RURC2L_F,FRYING PAN - RUEDI RES. NR BASALT,10.7,272.0,90.3,51524.0,8103.0,100.0,2017-03-20T09:33:58.962000
20170118,RURC2L_F,FRYING PAN - RUEDI RES. NR BASALT,9.5,242.0,90.3,45839.0,1276.0,100.0,2017-03-20T09:34:40.806000
20170119,RURC2L_F,FRYING PAN - RUEDI RES. NR BASALT,9.5,241.0,90.3,45762.0,-2579.0,100.0,2017-03-20T09:35:21.376000
20170120,RURC2L_F,FRYING PAN - RUEDI RES. NR BASALT,9.6,244.0,90.3,46258.0,-1142.0,100.0,2017-03-20T09:36:01.837000
20170121,RURC2L_F,FRYING PAN - RUEDI RES. NR BASALT,10.1,258.0,90.3,48814.0,37.0,100.0,2017-03-20T09:37:00.130000
20170122,RURC2L_F,FRYING PAN - RUEDI RES. NR BASALT,10.6,269.0,90.3,50978.0,1522.0,100.0,2017-03-20T09:37:57.299000
20170123,RURC2L_F,FRYING PAN - RUEDI RES. NR BASALT,10.7,273.0,90.3,51698.0,1673.0,100.0,2017-03-20T09:39:16.658000
20170124,RURC2L_F,FRYING PAN - RUEDI RES. NR BASALT,10.9,276.0,90.3,52307.0,783.0,100.0,2017-03-20T09:40:06.187000
20170125,RURC2L_F,FRYING PAN - RUEDI RES. NR BASALT,11.1,281.0,90.3,53333.0,7494.0,100.0,2017-03-20T09:41:24.779000
20170126,RURC2L_F,FRYING PAN - RUEDI RES. NR BASALT,11.0,281.0,90.3,53175.0,7413.0,100.0,2017-03-20T09:42:25.041000
20170127,RURC2L_F,FRYING PAN - RUEDI RES. NR BASALT,11.1,282.0,90.3,53442.0,7184.0,100.0,2017-03-20T09:43:53.887000
20170128,RURC2L_F,FRYING PAN - RUEDI RES. NR BASALT,11.1,282.0,90.3,53383.0,4569.0,100.0,2017-03-20T09:44:44.368000
20170129,RURC2L_F,FRYING PAN - RUEDI RES. NR BASALT,11.1,281.0,90.3,53305.0,2327.0,100.0,2017-03-20T09:45:39.024000
20170130,RURC2L_F,FRYING PAN - RUEDI RES. NR BASALT,11.1,281.0,90.3,53208.0,1510.0,100.0,2017-03-20T09:46:57.550000
20170131,RURC2L_F,FRYING PAN - RUEDI RES. NR BASALT,11.0,280.0,90.3,53111.0,804.0,100.0,2017-03-20T09:47:45.899000
20170201,RURC2L_F,FRYING PAN - RUEDI RES. NR BASALT,11.0,279.0,90.3,52852.0,-481.0,100.0,2017-03-20T09:48:32.591000
20170202,RURC2L_F,FRYING PAN - RUEDI RES. NR BASALT,11.0,279.0,90.3,52894.0,-281.0,100.0,2017-03-20T09:49:18.558000
20170203,RURC2L_F,FRYING PAN - RUEDI RES. NR BASALT,11.0,279.0,90.3,52924.0,-518.0,100.0,2017-03-20T09:50:04.190000
20170204,RURC2L_F,FRYING PAN - RUEDI RES. NR BASALT,11.0,279.0,90.3,52892.0,-491.0,100.0,2017-03-20T09:50:50.721000
20170205,RURC2L_F,FRYING PAN - RUEDI RES. NR BASALT,10.9,278.0,90.3,52665.0,-640.0,100.0,2017-03-20T09:51:30.320000
20170206,RURC2L_F,FRYING PAN - RUEDI RES. NR BASALT,10.9,276.0,90.3,52387.0,-821.0,100.0,2017-03-20T09:52:09.271000
20170207,RURC2L_F,FRYING PAN - RUEDI RES. NR BASALT,11.0,280.0,90.3,53131.0,20.0,100.0,2017-03-20T09:52:48.551000
20170208,RURC2L_F,FRYING PAN - RUEDI RES. NR BASALT,11.7,296.0,90.3,56091.0,3239.0,100.0,2017-03-20T09:53:29.725000
20170209,RURC2L_F,FRYING PAN - RUEDI RES. NR BASALT,11.6,294.0,90.3,55694.0,2800.0,100.0,2017-03-20T09:54:08.883000
20170210,RURC2L_F,FRYING PAN - RUEDI RES. NR BASALT,11.5,293.0,90.3,55499.0,2575.0,100.0,2017-03-20T09:54:50.408000
20170211,RURC2L_F,FRYING PAN - RUEDI RES. NR BASALT,11.6,295.0,90.3,55955.0,3063.0,100.0,2017-03-20T09:55:29.705000
20170212,RURC2L_F,FRYING PAN - RUEDI RES. NR BASALT,12.1,307.0,90.3,58109.0,5444.0,100.0,2017-03-20T09:56:07.169000
20170213,RURC2L_F,FRYING PAN - RUEDI RES. NR BASALT,12.1,306.0,90.3,58080.0,5693.0,100.0,2017-03-20T09:56:42.890000
20170214,RURC2L_F,FRYING PAN - RUEDI RES. NR BASALT,12.6,321.0,90.3,60838.0,7707.0,100.0,2017-03-20T09:57:21.146000
20170215,RURC2L_F,FRYING PAN - RUEDI RES. NR BASALT,12.6,320.0,90.3,60576.0,4485.0,100.0,2017-03-20T09:57:57.508000
20170216,RURC2L_F,FRYING PAN - RUEDI RES. NR BASALT,12.4,316.0,90.3,59840.0,4146.0,100.0,2017-03-20T09:58:37.620000
20170217,RURC2L_F,FRYING PAN - RUEDI RES. NR BASALT,12.7,323.0,90.3,61312.0,5813.0,100.0,2017-03-20T09:59:14.009000
20170218,RURC2L_F,FRYING PAN - RUEDI RES. NR BASALT,12.7,322.0,90.3,61106.0,5151.0,100.0,2017-03-20T09:59:48.770000
20170219,RURC2L_F,FRYING PAN - RUEDI RES. NR BASALT,12.7,321.0,90.3,60939.0,2830.0,100.0,2017-03-20T10:00:25.631000
20170220,RURC2L_F,FRYING PAN - RUEDI RES. NR BASALT,12.9,326.0,90.3,61884.0,3804.0,100.0,2017-03-20T10:01:01.418000
20170221,RURC2L_F,FRYING PAN - RUEDI RES. NR BASALT,13.0,330.0,90.3,62458.0,1620.0,100.0,2017-03-20T10:01:35.238000
20170222,RURC2L_F,FRYING PAN - RUEDI RES. NR BASALT,12.9,327.0,90.3,62078.0,1502.0,100.0,2017-03-20T10:02:09.644000
20170223,RURC2L_F,FRYING PAN - RUEDI RES. NR BASALT,12.5,318.0,90.3,60306.0,466.0,100.0,2017-03-20T10:02:42.729000
20170224,RURC2L_F,FRYING PAN - RUEDI RES. NR BASALT,13.4,341.0,90.3,64680.0,3368.0,100.0,2017-03-20T10:03:17.990000
20170225,RURC2L_F,FRYING PAN - RUEDI RES. NR BASALT,13.3,338.0,90.3,64095.0,2989.0,100.0,2017-03-20T10:03:53.254000
20170226,RURC2L_F,FRYING PAN - RUEDI RES. NR BASALT,13.4,339.0,90.3,64352.0,3413.0,100.0,2017-03-20T10:04:28.339000
20170227,RURC2L_F,FRYING PAN - RUEDI RES. NR BASALT,13.3,339.0,90.3,64211.0,2327.0,100.0,2017-03-20T10:05:04.029000
20170228,RURC2L_F,FRYING PAN - RUEDI RES. NR BASALT,13.7,348.0,90.3,65921.0,3463.0,100.0,2017-03-20T10:05:40.836000
20170301,RURC2L_F,FRYING PAN - RUEDI RES. NR BASALT,14.5,368.0,90.3,69671.0,7593.0,100.0,2017-03-20T10:06:18.717000
20170302,RURC2L_F,FRYING PAN - RUEDI RES. NR BASALT,14.4,367.0,90.3,69556.0,9250.0,100.0,2017-03-20T10:06:55.589000
20170303,RURC2L_F,FRYING PAN - RUEDI RES. NR BASALT,14.1,358.0,90.3,67944.0,3264.0,100.0,2017-03-20T10:07:32.127000
20170304,RURC2L_F,FRYING PAN - RUEDI RES. NR BASALT,14.0,357.0,90.3,67642.0,3547.0,100.0,2017-03-20T10:08:09.312000
20170305,RURC2L_F,FRYING PAN - RUEDI RES. NR BASALT,13.9,352.0,90.3,66775.0,2423.0,100.0,2017-03-20T10:08:44.274000
20170306,RURC2L_F,FRYING PAN - RUEDI RES. NR BASALT,13.6,346.0,90.3,65566.0,1355.0,100.0,2017-03-20T10:09:18.899000
20170307,RURC2L_F,FRYING PAN - RUEDI RES. NR BASALT,14.6,371.0,90.3,70259.0,4338.0,100.0,2017-03-20T10:09:54.823000
20170308,RURC2L_F,FRYING PAN - RUEDI RES. NR BASALT,14.5,369.0,90.3,69860.0,189.0,100.0,2017-03-20T10:10:30.601000
20170309,RURC2L_F,FRYING PAN - RUEDI RES. NR BASALT,14.4,365.0,90.3,69112.0,-444.0,100.0,2017-03-20T10:11:06.294000
20170310,RURC2L_F,FRYING PAN - RUEDI RES. NR BASALT,14.1,357.0,90.3,67653.0,-291.0,100.0,2017-03-20T10:11:38.748000
20170311,RURC2L_F,FRYING PAN - RUEDI RES. NR BASALT,13.7,349.0,90.3,66144.0,-1498.0,100.0,2017-03-20T10:12:11.733000
20170312,RURC2L_F,FRYING PAN - RUEDI RES. NR BASALT,13.6,346.0,90.3,65505.0,-1270.0,100.0,2017-03-20T10:12:45.170000
20170313,RURC2L_F,FRYING PAN - RUEDI RES. NR BASALT,13.4,341.0,90.3,64596.0,-970.0,100.0,2017-03-20T10:13:20.755000
20170314,RURC2L_F,FRYING PAN - RUEDI RES. NR BASALT,13.8,351.0,90.3,66479.0,-3780.0,100.0,2017-03-20T10:13:56.869000
20170315,RURC2L_F,FRYING PAN - RUEDI RES. NR BASALT,13.4,342.0,90.3,64739.0,-5121.0,100.0,2017-03-20T10:14:33.251000
20170316,RURC2L_F,FRYING PAN - RUEDI RES. NR BASALT,13.6,345.0,90.3,65481.0,-3631.0,99.82,2017-03-20T10:15:09.001000
20170317,RURC2L_F,FRYING PAN - RUEDI RES. NR BASALT,13.4,340.0,90.3,64428.0,-3225.0,99.82,2017-03-20T10:15:43.410000
20170318,RURC2L_F,FRYING PAN - RUEDI RES. NR BASALT,13.0,330.0,90.3,62467.0,-3677.0,99.72,2017-03-20T10:16:16.154000
20170319,RURC2L_F,FRYING PAN - RUEDI RES. NR BASALT,12.4,315.0,90.3,59694.0,-5811.0,98.99,2017-03-20T13:53:20.470000
20170320,RURC2L_F,FRYING PAN - RUEDI RES. NR BASALT,11.7,298.0,90.3,56510.0,-8086.0,97.61,2017-03-20T16:20:06.139000
